5.18
5.4
5.63
5.85
6.08
6.3
6.53
6.75
6.94
6.89
6.84
6.79
6.63
6.48
6.33
5.91
5.49
5.06
5.06
5.05
5.05
5.02
4.99
4.97
5.08
5.2
5.31
5.31
5.31
5.31
5.27
5.24
5.2
5.19
5.18
5.17
5.11
5.04
4.98
4.59
4.21
3.82
3.85
3.89
3.92
3.94
3.96
3.99
3.83
3.67
3.52
3.23
2.95
2.66
2.48
2.3
2.12
2.78
3.44
4.1
4.06
4.01
3.97
3.54
3.12
2.69
2.88
3.07
3.26
3.66
4.06
4.47
4.86
5.25
5.64
5.4
5.15
4.91
5.08
5.25
5.42
5.33
5.24
5.14
5.38
5.62
5.86
5.56
5.26
4.97
5.14
5.31
5.49
5.36
5.23
5.1
5.2
5.3
5.39
5.5
5.61
5.72
5.76
5.8
5.83
6.02
6.21
6.4
6.49
6.58
6.68
6.4
6.13
5.86
5.9
5.94
5.99
6.11
6.24
6.37
6.28
6.19
6.1
6.16
6.22
6.28
6.37
6.47
6.57
6.67
6.78
6.88
6.99
7.1
7.21
7.02
6.83
6.63
6.63
6.62
6.61
6.77
6.93
7.09
7.14
7.2
7.26
7.03
6.8
6.57
5.99
5.42
4.84
4.72
4.59
4.47
4.53
4.59
4.65
4.76
4.88
4.99
5.26
5.53
5.79
6.34
6.9
7.45
7.27
7.09
6.91
6.55
6.18
5.82
5.15
4.49
3.82
3.77
3.72
3.67
3.52
3.37
3.21
3.31
3.4
3.49
4.04
4.58
5.13
4.95
4.77
4.59
4.57
4.56
4.54
4.3
4.07
3.83
3.76
3.69
3.61
3.89
4.17
4.44
4.02
3.6
3.17
3.03
2.89
2.74
3.01
3.28
3.54
4.1
4.66
5.21
5.32
5.43
5.54
5.21
4.88
4.55
4.28
4
3.72
3.99
4.26
4.52
4.8
5.09
5.37
5.14
4.91
4.69
4.43
4.17
3.9
4.44
4.97
5.5
5.53
5.55
5.57
5.58
5.58
5.59
5.13
4.67
4.21
3.97
3.74
3.5
3.07
2.63
2.19
1.91
1.62
1.34
1.83
2.31
2.8
2.66
2.52
2.39
2.45
2.51
2.58
2.18
1.78
1.38
1.38
1.38
1.38
2.3
3.22
4.14
3.79
3.44
3.09
2.89
2.69
2.48
3.02
3.56
4.1
3.98
3.86
3.74
3.87
4
4.14
4.28
4.42
4.57
4.88
5.2
5.52
5.58
5.64
5.7
5.7
5.7
5.7
4.71
3.72
2.73
2.37
2
1.64
1.71
1.77
1.83
2.54
3.24
3.94
4.03
4.11
4.19
3.81
3.43
3.05
3.19
3.33
3.48
3.53
3.58
3.63
2.88
2.14
1.39
1.45
1.51
1.57
2.06
2.55
3.03
3.22
3.41
3.6
3.83
4.06
4.29
4.23
4.17
4.11
4.15
4.19
4.23
4.16
4.09
4.01
3.85
3.68
3.52
3.2
2.89
2.58
2.52
2.46
2.4
2.43
2.46
2.5
2.35
2.21
2.07
2.46
2.86
3.26
3.31
3.37
3.43
3.25
3.06
2.87
2.54
2.21
1.88
2.05
2.23
2.4
2.03
1.66
1.28
1.23
1.17
1.12
1.09
1.05
1.02
2.64
4.27
5.89
5.91
5.94
5.96
5.62
5.29
4.95
4.44
3.92
3.41
3.75
4.1
4.44
4.66
4.87
5.09
4.87
4.65
4.43
5.75
7.08
8.4
8.48
8.57
8.65
8.11
7.58
7.05
6.77
6.5
6.22
5.77
5.31
4.86
4.82
4.79
4.76
4.61
4.46
4.3
4.35
4.4
4.46
4.27
4.08
3.89
3.5
3.11
2.72
3.2
3.68
4.17
4.38
4.59
4.8
4.03
3.26
2.5
2.25
2.01
1.77
2.27
2.78
3.28
3.69
4.1
4.51
4.41
4.31
4.21
4.25
4.3
4.34
4.47
4.6
4.73
4.9
5.06
5.23
4.48
3.73
2.98
2.47
1.97
1.46
1.1
0.74
0.39
1.23
2.07
2.91
3.73
4.55
5.37
5.25
5.14
5.02
4.96
4.89
4.83
5.29
5.76
6.22
5.73
5.24
4.74
4.83
4.91
4.99
4.95
4.91
4.87
5.02
5.17
5.32
5.35
5.38
5.41
5.64
5.88
6.11
6.21
6.31
6.41
6.38
6.35
6.32
5.53
4.74
3.96
3.86
3.77
3.67
3.9
4.13
4.36
4.44
4.52
4.61
4.57
4.54
4.51
4.61
4.7
4.8
5.07
5.34
5.61
5.77
5.93
6.08
5.15
4.22
3.28
3.09
2.91
2.72
3.09
3.46
3.83
3.81
3.78
3.75
3.52
3.28
3.05
3.08
3.1
3.13
3.75
4.36
4.98
4.75
4.52
4.29
3.08
1.86
0.65
1.12
1.6
2.07
2.24
2.42
2.59
3.06
3.53
4
4.45
4.89
5.34
5.76
6.18
6.61
6.8
6.98
7.17
7.57
7.97
8.37
7.97
7.56
7.16
7.16
7.17
7.17
7.14
7.11
7.08
7.07
7.07
7.06
7.28
7.49
7.71
8.12
8.54
8.95
8.84
8.73
8.62
8.7
8.78
8.86
9.11
9.36
9.61
9.27
8.93
8.59
8.34
8.1
7.85
7.83
7.82
7.81
7.97
8.13
8.29
8.46
8.63
8.8
8.82
8.84
8.86
8.73
8.6
8.47
7.83
7.2
6.57
6.36
6.16
5.96
5.92
5.89
5.85
5.71
5.58
5.45
4.61
3.77
2.92
2.65
2.38
2.11
2.6
3.09
3.57
3.6
3.64
3.67
3.25
2.82
2.4
2.42
2.44
2.46
2.17
1.89
1.61
1.77
1.93
2.08
2.17
2.25
2.33
2.2
2.07
1.94
2.74
3.54
4.33
4.02
3.71
3.39
2.71
2.02
1.34
1.87
2.4
2.92
3.11
3.3
3.49
3.44
3.4
3.35
3.34
3.32
3.31
4.2
5.09
5.97
6.12
6.28
6.43
6.12
5.81
5.5
4.79
4.07
3.35
2.74
2.13
1.52
1.14
0.75
0.37
0.57
0.78
0.98
2.35
3.72
5.09
5.35
5.6
5.86
6.21
6.55
6.9
6.24
5.59
4.94
4.23
2.76
2.85
2.94
3.03
3.13
3.22
3.31
3.4
3.49
3.58
3.67
3.77
3.86
3.95
4.04
4.13
2.23
2.11
1.98
1.85
2.46
3.08
3.7
2.74
1.79
0.84
2.19
3.54
4.88
5.02
5.16
5.3
5.18
5.06
4.94
4.69
4.43
4.18
4.81
5.45
6.08
6.05
6.02
5.99
6.36
6.73
7.1
6.92
6.74
6.55
6.37
6.18
6
5.98
5.96
5.94
6.08
6.22
6.36
6.45
6.54
6.63
6.65
6.67
6.69
6.75
6.81
6.87
6.67
6.47
6.28
6.2
6.13
6.06
6.26
6.46
6.66
6.83
7
7.17
7.25
7.32
7.39
6.96
6.53
6.1
5.44
4.79
4.14
4.05
3.95
3.86
3.6
3.34
3.08
2.69
2.3
1.92
2.48
3.05
3.61
3.19
2.77
2.34
2.33
2.31
2.29
2.38
2.46
2.55
2.46
2.38
2.29
2.73
3.16
3.6
3.56
3.52
3.48
3.08
2.68
2.28
2.72
3.16
3.6
3.39
3.18
2.97
2.86
2.75
2.65
3.16
3.68
4.19
3.76
3.33
2.9
3.66
4.43
5.2
5.49
5.77
6.06
5.36
4.67
3.97
4.8
5.62
6.44
6.95
7.45
7.96
7.96
7.96
7.96
7.84
7.73
7.61
7.35
7.09
6.83
6.71
6.59
6.47
6.16
5.84
5.53
5.3
5.07
4.84
4.87
4.91
4.94
4.86
4.77
4.69
4.55
4.41
4.28
4.05
3.82
3.59
3.29
2.99
2.69
2.98
3.28
3.57
3.57
3.57
3.57
2.85
2.13
1.41
1.2
0.99
0.79
1.13
1.47
1.81
2.44
3.07
3.7
4.13
4.57
5.01
4.93
4.85
4.77
5.42
6.06
6.7
6.72
6.74
6.76
6.61
6.46
6.32
6.23
6.15
6.07
5.84
5.61
5.38
5.32
5.26
5.2
5.26
5.31
5.37
5.4
5.44
5.48
5.68
5.89
6.1
6.14
6.19
6.23
5.43
4.63
3.82
3.71
3.61
3.5
3.13
2.76
2.39
2.77
3.16
3.54
3.77
3.99
4.21
4.85
5.49
6.12
6.64
7.16
7.68
8.08
8.48
8.88
8.58
8.29
7.99
7.98
7.97
7.96
7.85
7.75
7.64
8.19
8.74
9.3
9.41
9.53
9.64
9.54
9.44
9.34
9.41
9.48
9.54
9.88
10.22
10.55
10.1
9.64
9.19
8.84
8.5
8.15
7.93
7.7
7.48
7.45
7.43
7.41
7.17
6.93
6.69
6.6
6.51
6.41
6.31
6.2
6.1
6.22
6.34
6.47
6.31
6.15
5.99
6.03
6.07
6.11
6.06
6.02
5.97
5.64
5.31
4.98
4.41
3.84
3.27
3.05
2.83
2.61
3.15
3.69
4.23
4.34
4.44
4.54
3.81
3.09
2.36
2.41
2.46
2.51
2.57
2.64
2.7
2.37
2.04
1.71
2.17
2.63
3.09
3.4
3.71
4.03
5
5.97
6.94
7.37
7.81
8.25
8.52
8.79
9.06
8.84
8.62
8.4
8.13
7.87
7.6
7.85
8.11
8.36
8.38
8.4
8.41
9
9.58
10.17
10.25
10.34
10.43
10.58
10.74
10.9
10.43
9.97
9.5
9.17
8.84
8.51
8.3
8.09
7.88
7.84
7.8
7.77
7.86
7.96
8.06
8.36
8.66
8.97
9.07
9.18
9.28
9.32
9.36
9.39
8.95
8.5
8.06
7.65
7.24
6.83
6.58
6.34
6.1
6.29
6.47
6.66
6.87
7.09
7.3
7.3
7.3
7.3
7.47
7.65
7.82
7.66
7.5
7.34
7.22
7.11
6.99
6.8
6.6
6.4
6.41
6.43
6.44
6.64
6.85
7.05
7.55
8.05
8.55
8.54
8.53
8.52
8.73
8.94
9.14
9.11
9.08
9.05
8.38
7.71
7.05
6.84
6.63
6.41
6.54
6.67
6.8
6.94
7.09
7.23
7.45
7.68
7.9
7.94
7.99
8.03
8.06
8.09
8.12
8.15
8.17
8.19
8.04
7.89
7.74
7.4
7.06
6.72
6.63
6.53
6.44
6.8
7.15
7.5
7.6
7.69
7.78
7.74
7.71
7.67
7.87
8.07
8.28
8.03
7.78
7.53
6.96
6.39
5.82
5.01
4.19
3.38
2.98
2.59
2.19
1.97
1.74
1.52
1.42
1.31
1.21
1.66
2.1
2.54
3.1
3.66
4.22
4.45
4.68
4.91
4.35
3.8
3.24
3.59
3.93
4.28
3.67
3.07
2.47
2.6
2.74
2.87
2.97
3.07
3.17
4.51
5.86
7.2
8.12
9.05
9.97
9.3
8.63
7.96
7.26
6.56
5.86
5.62
5.37
5.13
5.56
5.99
6.41
6.54
6.66
6.79
7.24
7.7
8.15
8.5
8.85
9.2
9.44
9.69
9.93
9.55
9.18
8.8
8.97
9.13
9.3
9.21
9.12
9.03
9.05
9.06
9.08
9.2
9.31
9.43
9.3
9.17
9.03
8.43
7.83
7.23
6.27
5.31
4.34
3.74
3.13
2.52
3.02
3.52
4.01
4.98
5.95
6.92
7.12
7.31
7.5
7.39
7.27
7.16
6.9
6.64
6.39
5.65
4.91
4.18
4.25
4.33
4.4
3.93
3.45
2.98
3.08
3.18
3.28
3.53
3.78
4.03
4.09
4.16
4.22
3.74
3.26
2.79
2.63
2.48
2.33
2.72
3.1
3.49
3.79
4.09
4.39
4.11
3.83
3.56
3.78
4.01
4.23
4.17
4.1
4.03
4.53
5.03
5.53
5.77
6.01
6.25
6.86
7.47
8.08
8.41
8.74
9.06
9.2
9.34
9.48
9.29
9.1
8.91
8.58
9.48
8.91
8.35
7.79
7.23
6.66
6.1
5.54
4.98
4.41
3.85
3.29
2.73
2.16
1.6
1.04
0.99
1.36
1.72
2.08
2.62
3.16
3.7
3.33
2.97
2.61
1.97
1.33
0.69
0.98
1.27
1.56
1.64
1.71
1.79
2.06
2.32
2.58
2.61
2.63
2.66
3
3.33
3.67
4.06
4.44
4.83
4.75
4.68
4.61
4.47
4.34
4.21
3.79
3.38
2.97
4.22
5.48
6.73
6.84
6.95
7.06
7.03
7
6.97
7.11
7.26
7.41
7.22
7.03
6.84
6.58
6.33
6.07
5.81
5.54
5.28
5.4
5.52
5.64
5.92
6.2
6.48
6.46
6.44
6.41
6.34
6.27
6.19
6.04
5.89
5.74
5.28
4.83
4.37
3.64
2.9
2.17
2.24
2.31
2.39
2.76
3.13
3.5
3.7
3.89
4.08
3.96
3.83
3.71
3.48
3.25
3.02
3.38
3.75
4.11
4.19
4.28
4.36
3.54
2.73
1.92
1.72
1.52
1.32
1.71
2.09
2.47
2.43
2.4
2.36
1.75
1.14
0.54
0.44
0.34
0.25
1.33
2.41
3.49
3.59
3.69
3.79
3.27
2.75
2.23
1.94
1.66
1.37
1.46
1.56
1.66
1.43
1.2
0.98
1.08
1.17
1.27
1.52
1.77
2.01
2.8
3.6
4.39
4.48
4.58
4.68
4.32
3.97
3.61
3.17
2.72
2.28
2.12
1.96
1.81
1.65
1.49
1.32
1.57
1.82
2.07
2.47
2.87
3.27
3.93
4.58
5.24
5.25
5.25
5.26
5.13
5.01
4.88
4.52
4.17
3.81
3.47
3.13
2.79
3.11
3.43
3.75
3.68
3.6
3.53
4.41
5.3
6.18
7.05
7.92
8.79
8.57
8.34
8.12
7.95
7.78
7.61
7.66
7.71
7.75
7.96
8.17
8.39
8.46
8.54
8.62
8.84
9.05
9.27
9.32
9.38
9.43
9.43
9.42
9.41
9.28
9.16
9.03
8.88
8.72
8.57
8.74
8.92
9.1
9.31
9.53
9.74
9.83
9.93
10.03
10.04
10.05
10.06
10.02
9.98
9.94
9.84
9.74
9.64
9.39
9.14
8.9
8.69
8.49
8.29
8.34
8.39
8.44
8.41
8.38
8.34
8.31
8.27
8.23
8.15
8.07
7.99
7.9
7.82
7.74
7.61
7.48
7.35
7.18
7.01
6.84
6.75
6.67
6.58
6.78
6.97
7.17
7.17
7.16
7.16
7.18
7.2
7.21
7.16
7.11
7.06
7.23
7.4
7.57
7.6
7.63
7.66
7.3
6.95
6.59
6.43
6.27
6.11
6.03
5.94
5.86
6
6.14
6.28
6.43
6.58
6.73
7
7.26
7.53
7.74
7.94
8.15
8.02
7.89
7.77
7.31
6.86
6.4
6.26
6.11
5.97
6.27
6.57
6.87
7.35
7.83
8.3
8.4
8.51
8.61
8.43
8.25
8.07
7.85
7.63
7.41
7.37
7.34
7.31
7.03
6.74
6.46
6.02
5.59
5.16
4.98
4.81
4.63
4.75
4.86
4.98
5.33
5.68
6.03
6.17
6.31
6.46
6.45
6.44
6.43
6.15
5.87
5.59
5.28
4.98
4.68
4.06
3.43
2.81
2.37
1.93
1.49
1.96
2.43
2.9
3.33
3.76
4.19
4.57
4.96
5.34
5.51
5.69
5.86
5.62
5.38
5.14
5.21
5.28
5.35
4.98
4.62
4.25
3.81
3.37
2.94
3.12
3.3
3.48
4
4.52
5.05
5.47
5.89
6.3
6.59
6.88
7.17
7.22
7.27
7.32
7.22
7.11
7.01
6.67
6.34
6
5.96
5.92
5.88
5.85
5.83
5.81
5.94
6.08
6.22
6.29
6.36
6.43
6.51
6.6
6.69
6.67
6.64
6.62
6.59
6.57
6.54
6.03
5.52
5.01
4.88
4.76
4.63
4.72
4.8
4.88
5.36
5.84
6.32
6.44
6.57
6.69
6.66
6.63
6.61
6.46
6.3
6.15
5.86
5.56
5.27
4.58
3.89
3.2
2.83
2.46
2.1
2.29
2.49
2.69
3.28
3.87
4.46
4.66
4.87
5.08
5.28
5.48
5.68
5.82
5.96
6.1
5.91
5.73
5.54
4.81
4.08
3.35
3.23
3.1
2.98
3.26
3.54
3.82
4.37
4.92
5.48
5.6
5.72
5.85
6.22
6.59
6.97
7.08
7.19
7.3
7.13
6.97
6.8
6.57
6.33
6.1
6.1
6.11
6.11
6.23
6.34
6.46
6.72
6.98
7.24
7.35
7.45
7.56
7.69
7.83
7.96
7.84
7.73
7.61
7.4
7.18
6.97
6.69
6.41
6.14
6.18
6.23
6.28
6.52
6.77
7.02
7.1
7.19
7.27
7.29
7.31
7.32
7.39
7.46
7.53
7.39
7.25
7.1
6.74
6.37
6
5.57
5.14
4.7
4.73
4.75
4.77
5.01
5.24
5.48
5.74
6
6.26
5.95
5.65
5.34
5.23
5.13
5.02
4.86
4.7
4.54
4.53
4.53
4.52
3.97
3.41
2.86
2.42
1.99
1.56
1.83
2.11
2.39
2.8
3.2
3.61
3.47
3.33
3.19
3.22
3.26
3.3
3.74
4.19
4.63
4.69
4.74
4.8
4.07
3.35
2.62
2.34
2.07
1.79
2.14
2.49
2.84
3.29
3.73
4.18
4.18
4.18
4.18
4.26
4.34
4.41
4.51
4.61
4.7
4.38
4.05
3.72
3.03
2.34
1.64
1.87
2.1
2.33
2.41
2.49
2.57
2.94
3.31
3.68
3.6
3.51
3.42
3.29
3.16
3.03
3.26
3.49
3.71
3.65
3.58
3.52
2.75
1.99
1.23
1.21
1.2
1.19
1.39
1.6
1.81
1.6
1.38
1.17
1.02
0.87
0.72
0.89
1.06
1.23
2.11
2.99
3.88
4.04
4.21
4.37
4.09
3.8
3.52
3.36
3.2
3.03
2.71
2.39
2.07
1.59
1.1
0.62
0.64
0.66
0.68
1.05
1.43
1.81
2.52
3.23
3.94
3.91
3.87
3.83
3.44
3.04
2.65
2.58
2.52
2.46
2.16
1.86
1.56
1.62
1.69
1.75
1.81
1.87
1.93
2.51
3.08
3.66
4.21
4.76
5.31
5.03
4.76
4.48
3.81
2.74
2.6
2.46
2.33
2.19
2.06
1.92
1.78
1.65
1.51
1.38
1.24
1.1
0.97
0.83
0.69
1.81
3.26
4.71
6.17
6.09
6.01
5.93
5.4
4.86
4.33
4.45
4.57
4.69
5.29
5.89
6.5
7.03
7.55
8.08
8.56
9.03
9.5
9.36
9.21
9.06
8.78
8.49
8.21
8.02
7.84
7.66
7.03
6.4
5.77
5.85
5.94
6.03
5.71
5.4
5.09
5.29
5.49
5.68
5.76
5.84
5.92
6.17
6.41
6.66
6.48
6.3
6.12
6.06
6
5.93
5.36
4.78
4.21
3.66
3.1
2.55
2.45
2.35
2.25
3.11
3.98
4.84
4.97
5.11
5.24
5.14
5.03
4.92
4.85
4.78
4.7
4.77
4.84
4.91
3.95
3
2.04
2.04
2.03
2.03
2.39
2.75
3.12
3.09
3.05
3.02
2.91
2.8
2.69
2.83
2.97
3.12
3.41
3.7
3.99
3.64
3.29
2.94
2.78
2.63
2.47
2.32
2.17
2.01
1.63
1.24
0.86
0.87
0.89
0.91
1.21
1.52
1.82
1.48
1.13
0.79
1.93
3.08
4.22
4.34
4.46
4.58
3.81
3.04
2.28
1.85
1.42
0.99
1.24
1.49
1.74
1.81
1.89
1.96
2.08
2.2
2.32
1.94
1.57
1.2
2.09
2.98
3.88
4.15
4.43
4.7
4.59
4.48
4.37
4.24
4.11
3.97
3.9
3.83
3.77
3.21
2.66
2.11
1.65
1.18
0.72
2.23
3.75
5.27
5.84
6.41
6.98
7.1
7.22
7.34
6.83
6.33
5.82
5.34
4.86
4.39
3.44
2.5
1.56
1.31
1.05
0.8
0.69
0.58
0.47
1.47
2.46
3.46
4.86
6.25
7.64
7.45
7.26
7.08
6.46
5.85
5.24
4.9
4.55
4.21
4.24
4.27
4.3
4.84
5.38
5.92
6.3
6.68
7.06
7.11
7.16
7.21
7.03
6.85
6.66
6.63
6.59
6.55
6.21
5.86
5.52
5.39
5.27
5.14
5.47
5.8
6.12
6.95
7.78
8.61
8.5
8.4
8.29
8.01
7.74
7.46
7.2
6.93
6.66
6.45
6.23
6.01
5.56
5.1
4.65
4.4
4.14
3.89
3.75
3.61
3.48
4.08
4.68
5.28
5.41
5.53
5.66
5.27
4.88
4.5
4.29
4.07
3.86
4.06
4.25
4.44
4.29
4.13
3.97
3.52
3.07
2.62
2.01
1.41
0.8
1.49
2.19
2.88
3.18
3.47
3.77
3.51
3.26
3.01
2.33
1.66
0.98
1.66
2.33
3.01
2.83
2.66
2.48
3.66
4.83
6
6.8
7.61
8.41
8.29
8.17
8.04
7.5
6.97
6.43
5.99
5.54
5.1
5.02
4.93
4.84
4.81
4.78
4.74
4.49
4.24
3.99
4.09
4.2
4.3
4.17
4.05
3.92
3.82
3.72
3.63
3.41
3.2
2.98
2.97
2.95
2.94
3.26
3.58
3.9
4.28
4.65
5.02
4.44
3.85
3.27
2.86
2.44
2.03
2.18
2.34
2.5
3
3.51
4.01
3.94
3.88
3.81
3.81
3.82
3.82
4.22
4.62
5.02
5.24
5.45
5.67
5.14
4.6
4.07
3.87
3.66
3.46
3.49
3.53
3.56
3.87
4.18
4.5
4.22
3.94
3.67
3.45
3.24
3.02
3.13
3.23
3.34
3.22
3.1
2.98
2.25
1.53
0.8
1.03
1.27
1.5
1.74
1.98
2.22
2.09
1.95
1.82
1.95
2.08
2.21
1.75
1.29
0.83
2.21
3.59
4.97
5.47
5.98
6.48
6.25
6.01
5.78
5.41
5.03
4.66
4.28
3.89
3.5
4.08
4.66
5.24
5.16
5.09
5.01
5.27
5.53
5.79
5.99
6.19
6.39
6.3
6.22
6.14
5.65
5.15
4.66
4.6
4.54
4.48
4.57
4.66
4.74
4.72
4.69
4.66
4.5
4.34
4.18
4.48
4.78
5.08
5.52
5.97
6.41
6.3
6.18
6.07
5.49
4.9
4.32
4.31
4.31
4.3
4.53
4.75
4.98
5.26
5.53
5.81
5.67
5.54
5.41
5.39
5.38
5.37
5.54
5.71
5.89
5.92
5.94
5.97
5.42
4.87
4.32
4.17
4.03
3.89
4.06
4.22
4.39
4.58
4.77
4.97
4.71
4.46
4.21
4.11
4.02
3.93
4.13
4.34
4.54
4.09
3.64
3.19
2.69
2.18
1.68
1.76
1.83
1.9
1.82
1.73
1.64
1.64
1.64
1.64
1.71
1.79
1.86
2.31
2.75
3.2
3.95
4.71
5.46
5.5
5.54
5.57
5.95
6.33
6.7
6.51
6.32
6.12
4.63
3.13
1.63
2.29
2.94
3.6
3.76
3.92
4.08
4.92
5.77
6.61
6.96
7.31
7.66
7.5
7.34
7.19
6.32
5.45
4.58
4
3.43
2.86
3.14
3.43
3.72
3.34
2.96
2.58
2.76
2.94
3.12
3.51
3.91
4.3
4.7
5.1
5.5
5.69
5.87
6.06
5.46
4.86
4.26
3.54
2.81
2.08
1.68
1.28
0.88
1.77
2.66
3.54
3.45
3.36
3.27
3.5
3.73
3.96
4.17
4.39
4.61
4.31
4.02
3.72
3.19
2.65
2.11
1.66
1.22
0.77
0.95
1.13
1.31
1.59
1.86
2.14
2.22
2.3
2.39
2.64
2.9
3.16
3.74
4.33
4.91
4.91
4.91
4.91
4.21
3.51
2.81
2.11
1.4
0.69
1.2
1.71
2.22
2
1.79
1.57
1.5
1.43
1.37
1.12
0.87
0.62
1.3
1.98
2.66
2.82
2.98
3.14
3.12
3.09
3.06
3.55
4.05
4.54
4.41
4.29
4.17
3.49
2.81
2.14
2.19
2.25
2.3
2.92
3.54
4.17
4.75
5.33
5.92
6.11
6.29
6.48
5.88
5.28
4.68
3.87
3.06
2.25
2.65
3.06
3.46
3.87
4.28
4.69
4.45
4.21
3.97
4.32
4.66
5.01
5.35
5.69
6.03
5.86
5.7
5.53
5.32
4.22
4.39
4.56
4.74
4.91
5.08
5.25
5.43
5.6
5.77
5.94
6.12
6.29
6.46
6.64
6.81
8.26
8.35
8.45
8.54
8.56
8.57
8.59
9.03
9.47
9.9
8.6
7.29
5.99
5.54
5.09
4.65
5.54
6.43
7.32
7.75
8.18
8.61
8.48
8.36
8.23
8.77
9.31
9.85
9.58
9.31
9.05
8.36
7.67
6.98
6.75
6.52
6.29
6.07
5.86
5.64
5.8
5.95
6.11
6.57
7.04
7.5
7.32
7.14
6.95
7.5
8.06
8.61
8.24
7.87
7.5
6.74
5.97
5.2
4.68
4.15
3.63
3.68
3.74
3.79
4.22
4.65
5.08
5.4
5.73
6.06
5.77
5.49
5.2
6.12
7.04
7.96
7.24
6.52
5.81
5.1
4.4
3.7
3.59
3.49
3.38
3.66
3.93
4.21
4.39
4.57
4.76
5.12
5.49
5.85
5.66
5.47
5.28
5.84
6.4
6.95
6.04
5.12
4.21
3.83
3.44
3.06
3.12
3.17
3.23
2.92
2.61
2.3
2.29
2.29
2.28
1.79
1.31
0.83
1.92
3.02
4.11
4.66
5.21
5.77
5.2
4.63
4.06
3.41
2.77
2.12
2.07
2.01
1.96
1.71
1.45
1.2
1.46
1.72
1.99
2.11
2.23
2.36
3.1
3.84
4.58
4.77
4.97
5.16
4.69
4.22
3.75
3.45
3.15
2.86
2.68
2.5
2.32
2.81
3.3
3.79
4.22
4.64
5.06
4.96
4.86
4.76
4.96
5.16
5.37
5.23
5.09
4.95
4.78
4.61
4.44
3.74
3.03
2.33
1.84
1.35
0.86
0.84
0.83
0.81
2.01
3.2
4.4
4.55
4.7
4.86
4.76
4.66
4.57
4.45
4.34
4.22
3.82
3.41
3.01
2.67
2.34
2
1.62
1.25
0.87
0.84
0.81
0.79
1.34
1.9
2.46
3.03
3.6
4.18
4.93
5.69
6.44
6.98
7.52
8.06
7.61
7.16
6.72
6.02
5.33
4.63
3.53
2.43
1.32
3.29
5.25
7.21
5.94
4.67
3.39
2.93
2.47
2.01
3.35
4.68
6.01
6.17
6.34
6.5
5.7
4.91
4.11
3.4
2.69
1.99
1.7
1.42
1.13
1.74
2.35
2.97
3.58
4.19
4.8
4.32
3.84
3.37
4.01
4.66
5.31
5.76
6.2
6.65
6.29
5.92
5.56
5.21
4.87
4.52
4.25
3.97
3.7
2.71
1.72
0.73
1.48
2.22
2.97
3.2
3.43
3.66
4.32
4.98
5.64
6.53
7.43
8.32
7.79
7.26
6.73
5.98
5.22
4.47
4.04
3.6
3.17
2.86
2.54
2.22
2.48
2.74
2.99
2.98
2.97
2.95
4.23
5.52
6.8
7.34
7.89
8.43
7.47
6.51
5.54
4.8
4.06
3.31
3.19
3.07
2.95
3.34
3.72
4.11
4.5
4.89
5.28
6.04
6.8
7.56
7.82
8.07
8.33
8.38
8.43
8.48
8.34
8.19
8.04
7.77
7.51
7.24
6.9
6.56
6.22
6.44
6.65
6.87
6.88
6.89
6.9
7.27
7.65
8.03
8.11
8.2
8.29
8.12
7.95
7.78
7.74
7.7
7.66
7.23
6.8
6.37
5.88
5.38
4.88
5
5.12
5.24
5.49
5.74
5.99
6.25
6.52
6.79
6.98
7.17
7.37
7.06
6.76
6.46
6.25
6.05
5.85
5.64
5.43
5.21
5.43
5.65
5.86
6.17
6.49
6.8
6.99
7.19
7.38
7.32
7.26
7.2
7.44
7.69
7.93
7.91
7.89
7.86
7.59
7.32
7.05
6.6
6.16
5.71
6.85
7.98
9.12
9.51
9.9
10.29
10.7
11.12
11.53
11.73
11.93
12.12
12.09
12.06
12.03
11.94
11.84
11.75
11.79
11.83
11.88
11.47
11.07
10.66
10.8
10.93
11.06
10.65
10.24
9.83
9.96
10.08
10.21
10.55
10.9
11.24
11.26
11.28
11.3
11.12
10.95
10.77
10.4
10.02
9.64
9.48
9.31
9.14
9.32
9.5
9.68
9.35
9.02
8.69
8.88
9.07
9.26
9.46
9.67
9.88
9.99
10.1
10.21
10.34
10.47
10.61
10.23
9.86
9.49
8.86
8.22
7.59
7.18
6.78
6.37
6.42
6.47
6.52
6.64
6.75
6.87
7.06
7.25
7.43
7.77
8.1
8.43
8.73
9.03
9.34
8.66
7.99
7.31
6.86
6.4
5.94
5.69
5.43
5.17
5.16
5.15
5.14
5.75
6.36
6.97
8
9.04
10.08
10.34
10.61
10.87
11.09
11.3
11.52
11.54
11.57
11.6
10.87
10.14
9.41
8.9
8.39
7.88
7.78
7.68
7.59
7.66
7.72
7.79
8.69
9.59
10.48
10.28
10.07
9.86
10.24
10.63
11.01
10.84
10.68
10.51
9.85
9.19
8.52
8.18
7.84
7.5
7.64
7.77
7.9
7.75
7.59
7.43
8.2
8.96
9.72
9.4
9.07
8.74
9.04
9.33
9.63
9.21
8.79
8.37
7.69
7
6.32
6.33
6.34
6.34
6.46
6.58
6.7
6.69
6.69
6.68
7.14
7.6
8.07
8.06
8.05
8.04
8.03
8.01
8
7.32
6.65
5.97
5.06
4.15
3.24
2.97
2.71
2.44
2.98
3.53
4.07
4.38
4.69
5.01
5.04
5.08
5.12
5.19
5.26
5.34
4.8
4.25
3.71
3.36
3.01
2.66
3.08
3.49
3.9
3.91
3.92
3.93
4.49
5.05
5.61
6.07
6.52
6.98
7.38
7.78
8.18
8.63
9.09
9.54
9.37
9.19
9.01
8.68
8.35
8.03
7.64
7.25
6.86
6.65
6.45
6.25
6.04
5.83
5.61
5.58
5.54
5.5
6.89
8.27
9.66
9.53
9.41
9.28
9.44
9.6
9.77
8.9
8.04
7.17
6.47
5.77
5.06
5
4.94
4.88
5.11
5.33
5.56
5.88
6.2
6.52
7.28
8.03
8.79
8.43
8.08
7.72
7.81
7.89
7.97
6.8
5.62
4.44
3.86
3.27
2.69
2.53
2.38
2.22
2.27
2.32
2.37
2.72
3.06
3.41
3.67
3.94
4.21
4.68
5.14
5.61
5.99
6.37
6.74
6.03
5.32
4.61
3.81
1.57
1.63
1.7
1.76
1.83
1.89
1.96
2.02
2.09
2.15
2.22
2.28
2.35
2.41
2.48
2.54
3.77
4.4
5.04
5.68
4.7
3.72
2.74
2.25
1.75
1.26
1.11
0.96
0.81
1.1
1.39
1.68
1.77
1.86
1.94
2
2.05
2.1
3.85
5.61
7.37
7.77
8.18
8.59
7.74
6.88
6.03
5.4
4.77
4.14
4.17
4.2
4.23
4.22
4.21
4.19
4.58
4.97
5.37
5.61
5.86
6.11
6.54
6.97
7.41
7.71
8
8.3
8.18
8.06
7.93
7.09
6.24
5.39
5.34
5.29
5.24
5.31
5.39
5.46
5.73
6
6.26
6.62
6.98
7.34
7.65
7.95
8.26
8.2
8.13
8.07
7.37
6.67
5.97
5.79
5.61
5.43
5.16
4.88
4.61
4.94
5.28
5.61
6.12
6.63
7.13
7.45
7.77
8.08
8.04
7.99
7.94
7.83
7.71
7.6
7.14
6.67
6.21
5.64
5.08
4.51
4.67
4.82
4.98
5.37
5.75
6.14
6.32
6.5
6.68
7.24
7.81
8.37
8.38
8.38
8.39
8.9
9.41
9.92
9.22
8.53
7.83
7.43
7.03
6.63
6.23
5.83
5.42
5.39
5.37
5.34
5.37
5.4
5.43
6.22
7.01
7.79
8
8.2
8.4
8.63
8.87
9.1
8.71
8.32
7.93
7.07
6.21
5.35
4.76
4.17
3.57
3.69
3.81
3.93
3.89
3.84
3.79
3.11
2.42
1.74
2.33
2.91
3.5
4.34
5.17
6
5.14
4.27
3.41
4.4
5.39
6.39
6.52
6.65
6.79
6.58
6.38
6.18
5.86
5.54
5.21
5.8
6.39
6.98
7.68
8.39
9.09
8.85
8.6
8.36
7.97
7.58
7.19
7.06
6.94
6.81
6.42
6.02
5.63
5.57
5.52
5.46
5.54
5.62
5.7
6.7
7.71
8.72
8.85
8.97
9.1
9.44
9.77
10.11
9.74
9.37
9.01
8.23
7.44
6.66
6.23
5.79
5.35
5.17
4.99
4.81
4.66
4.51
4.36
3.92
3.48
3.03
3.06
3.09
3.12
3.77
4.42
5.08
4.63
4.18
3.74
3.2
2.67
2.14
2.38
2.63
2.87
3.03
3.18
3.34
3.61
3.89
4.17
3.56
2.96
2.36
3.36
4.35
5.35
5.83
6.32
6.8
6.26
5.71
5.17
4.91
4.64
4.37
4.08
3.78
3.49
3.58
3.67
3.77
4.08
4.4
4.72
4.95
5.18
5.41
6.21
7.01
7.81
7.83
7.84
7.86
7.37
6.88
6.39
5.98
5.58
5.17
5.07
4.96
4.86
4.74
4.63
4.52
4.41
4.3
4.19
4.87
5.54
6.22
7.33
8.44
9.54
9.49
9.43
9.37
8.65
7.94
7.23
6.8
6.36
5.93
5.97
6
6.04
6.22
6.4
6.58
6.23
5.87
5.52
6.23
6.93
7.64
7.91
8.17
8.44
8.58
8.72
8.86
8.32
7.78
7.24
6.9
6.56
6.22
6.13
6.04
5.94
5.97
6
6.03
5.62
5.22
4.81
5.5
6.19
6.88
7.07
7.25
7.43
7.74
8.04
8.34
7.74
7.13
6.52
6.18
5.84
5.5
5.24
4.97
4.7
4.53
4.35
4.18
4.39
4.59
4.8
5.29
5.78
6.28
6.57
6.86
7.16
7.24
7.32
7.41
6.39
5.37
4.36
3.82
3.28
2.74
2.67
2.6
2.52
2.73
2.94
3.14
3.55
3.95
4.36
4.83
5.3
5.77
6.21
6.65
7.09
7.02
6.95
6.88
6.13
5.37
4.62
4.32
4.01
3.71
3.75
3.79
3.83
4.03
4.23
4.43
4.84
5.25
5.66
6.43
7.21
7.99
7.99
7.99
7.99
7.49
6.98
6.48
5.15
3.83
2.5
1.93
1.37
0.8
1.26
1.73
2.19
3.01
3.83
4.65
4.56
4.46
4.37
4.47
4.57
4.68
4.97
5.26
5.54
5.97
6.4
6.83
6.39
5.95
5.52
4.54
3.56
2.58
2.89
3.2
3.52
3.85
4.18
4.51
4.41
4.31
4.21
3.2
2.18
1.17
2.08
2.98
3.89
5.22
6.55
7.88
7.94
8
8.06
7.91
7.77
7.63
7.49
7.34
7.2
7.02
6.84
6.66
7.03
7.39
7.75
8.18
8.61
9.03
9.39
9.75
10.11
9.73
9.35
8.97
8.7
8.44
8.18
8.46
8.73
9.01
9.38
9.75
10.12
10.38
10.63
10.88
10.79
10.7
10.61
10.91
11.21
11.52
12.03
12.54
13.05
12.64
12.23
11.82
11.31
10.79
10.28
9.54
8.81
8.08
7.77
7.45
7.13
6.94
6.75
6.57
6.77
6.97
7.17
6.87
6.57
6.26
6.32
6.38
6.44
6.33
6.22
6.11
5.78
5.45
5.12
5.24
5.36
5.48
5.26
5.05
4.84
5.69
6.53
7.38
7.71
8.03
8.36
8.79
9.22
9.66
10
10.34
10.68
10.61
10.54
10.47
10.07
9.68
9.28
8.6
7.91
7.23
6.86
6.49
6.12
6.44
6.76
7.08
7.37
7.66
7.94
8.41
8.88
9.35
9.42
9.48
9.54
9.92
10.3
10.68
10.06
9.43
8.81
8.1
7.38
6.66
6.18
5.7
5.21
5.24
5.26
5.28
5.49
5.7
5.9
6.51
7.11
7.71
7.95
8.2
8.44
8.89
9.34
9.79
9.79
9.79
9.79
9.37
8.95
8.52
8.2
7.87
7.54
7.76
7.97
8.18
8.19
8.2
8.21
8.4
8.58
8.77
8.71
8.64
8.58
8.97
9.37
9.77
9.49
9.22
8.95
8.59
8.23
7.86
7.57
7.27
6.98
6.82
6.67
6.51
6.39
6.27
6.15
6.85
7.55
8.25
8.14
8.04
7.93
8.2
8.46
8.73
8.23
7.74
7.24
6.4
5.55
4.7
4.34
3.99
3.63
4.15
4.67
5.19
4.81
4.43
4.06
3.54
3.02
2.5
3.74
4.98
6.22
6.86
7.5
8.14
7.39
6.65
5.9
5.57
4.37
4.77
5.17
5.57
5.97
6.37
6.77
7.16
7.56
7.96
8.36
8.76
9.16
9.56
9.95
10.35
11.01
10.69
10.37
10.06
9.77
9.49
9.21
8.68
8.14
7.6
8.01
8.42
8.83
9.07
9.31
9.56
9.61
9.66
9.71
9.58
9.45
9.32
9.72
10.12
10.52
10.54
10.55
10.57
10.02
9.47
8.92
8.17
7.42
6.66
6.96
7.25
7.54
7.88
8.22
8.55
8.82
9.09
9.37
9.53
9.7
9.86
9.89
9.91
9.93
9.83
9.72
9.61
8.67
7.72
6.77
6.49
6.21
5.93
5.85
5.77
5.68
5.47
5.26
5.05
4.8
4.54
4.29
4.67
5.04
5.42
6.13
6.84
7.54
7.3
7.06
6.81
5.65
4.48
3.31
2.54
1.77
1.01
1.15
1.29
1.43
1.6
1.76
1.92
1.81
1.71
1.6
1.58
1.55
1.53
2.45
3.36
4.28
5
5.72
6.44
5.51
4.58
3.66
3.11
2.56
2.01
1.45
0.88
0.32
1.47
2.63
3.78
4.01
4.24
4.47
5.24
6
6.77
6.89
7
7.12
7.19
7.26
7.32
6.45
5.57
4.69
4.23
3.78
3.32
3.11
2.9
2.69
2.71
2.73
2.74
2.98
3.22
3.46
3.83
4.2
4.57
5.66
6.76
7.86
7.74
7.61
7.49
6.56
5.62
4.69
4.18
3.67
3.16
2.67
2.18
1.7
1.59
1.49
1.38
1.89
2.39
2.9
3.02
3.14
3.26
4.05
4.85
5.64
6.11
6.59
7.06
6.04
5.01
3.99
3.09
2.2
1.31
2.13
2.96
3.78
3.56
3.35
3.13
3.71
4.29
4.87
4.25
3.63
3.01
3.76
4.51
5.26
5.55
5.84
6.14
5.02
3.89
2.77
2.4
2.03
1.66
2.27
2.88
3.49
3.19
2.88
2.58
2.86
3.13
3.41
3.99
4.57
5.16
5.24
5.32
5.41
5.5
5.59
5.68
5.08
4.48
3.88
3.18
2.48
1.78
1.51
1.25
0.98
1.36
1.73
2.11
2.19
2.28
2.36
2.34
2.31
2.29
2.57
2.85
3.13
3.81
4.49
5.17
5.19
5.21
5.23
4.42
3.61
2.8
3.07
3.33
3.6
2.99
2.38
1.77
2.3
2.83
3.37
4.39
5.42
6.44
6.57
6.69
6.81
7.06
7.3
7.54
6.95
6.35
5.75
5.82
5.88
5.94
5.79
5.64
5.49
4.17
2.84
1.52
1.6
1.68
1.77
4.06
6.36
8.66
9.21
9.77
10.32
9.8
9.29
8.77
8.46
8.14
7.82
7.83
7.84
7.85
7.01
6.17
5.32
6.93
8.54
10.15
11.02
11.89
12.76
13.1
13.45
13.79
13.43
13.08
12.72
12
11.29
10.58
10.18
9.79
9.39
8.77
8.14
7.52
7.05
6.58
6.11
6.27
6.42
6.58
6.44
6.3
6.17
7.36
8.55
9.74
9.35
8.97
8.58
8.74
8.91
9.08
8.08
7.08
6.08
5.5
4.91
4.33
3.98
3.62
3.27
3.94
4.62
5.3
5.11
4.93
4.74
6.09
7.44
8.79
8.41
8.03
7.66
7.78
7.9
8.03
7.49
6.96
6.43
6.05
5.66
5.28
4.6
3.91
3.23
3.67
4.11
4.55
5.59
6.62
7.66
8.6
9.55
10.5
10.11
9.73
9.35
9.37
9.39
9.41
8.51
7.62
6.73
5.77
4.81
3.85
3.66
3.48
3.3
3.85
4.4
4.95
4.33
3.7
3.08
3.93
4.78
5.63
5.89
6.16
6.43
6.66
6.89
7.12
6.42
5.73
5.03
4.67
4.3
3.93
2.87
1.81
0.74
1.65
2.56
3.46
3.56
3.66
3.75
4.48
5.21
5.94
6.11
6.27
6.43
6.64
6.86
7.08
6.33
5.59
4.84
4.36
3.89
3.41
3.23
3.06
2.88
2.63
2.39
2.14
2.21
2.28
2.34
2.62
2.9
3.17
3.77
4.38
4.98
5.95
6.93
7.9
7.31
6.73
6.14
4.68
3.21
1.75
1.64
1.52
1.41
1.37
1.33
1.3
1.83
2.35
2.88
3.13
3.37
3.61
4.29
4.96
5.63
5.68
5.73
5.78
5.02
4.26
3.5
2.69
1.87
1.05
1.37
1.68
2
1.92
1.83
1.75
1.74
1.73
1.72
1.73
1.73
1.74
2.62
3.49
4.37
5.35
6.33
7.31
6.53
5.75
4.97
3.98
3
2.01
1.76
1.51
1.26
1.27
1.29
1.31
1.45
1.59
1.72
1.34
0.95
0.57
1.7
2.84
3.97
4.34
4.7
5.06
4.66
4.26
3.86
2.9
1.93
0.97
1.16
1.36
1.56
1.93
2.3
2.68
2.17
1.66
1.16
1.82
2.47
3.13
3.54
3.96
4.37
4.74
5.1
5.46
5.12
4.77
4.43
3.34
2.25
1.16
1.7
2.24
2.79
2.87
2.96
3.05
2.79
2.52
2.26
3.78
5.31
6.83
6.4
5.96
5.53
5.42
5.31
5.2
4.49
3.78
3.08
3.05
3.03
3.01
2.45
1.89
1.32
1.3
1.27
1.24
1.55
1.86
2.17
2.84
3.52
4.19
4.61
5.03
5.45
5.59
5.72
5.86
5.56
5.26
4.97
4.2
3.43
2.66
2.17
1.67
1.17
1.55
1.94
2.32
2.74
3.15
3.57
4.09
4.6
5.12
5.44
5.77
6.1
5.93
5.77
5.6
5.45
5.31
5.16
4.21
3.26
2.32
1.98
1.64
1.3
2.04
2.79
3.53
3.95
4.37
4.79
5.85
6.92
7.99
8.27
8.56
8.84
8.63
8.41
8.19
7.71
7.22
6.73
6.21
5.68
5.16
5.08
5
4.92
4.11
3.3
2.48
2.96
3.43
3.9
4.75
5.6
6.44
7.14
7.84
8.54
8.26
7.99
7.71
6.89
6.07
5.26
4.18
3.1
2.03
1.89
1.74
1.6
1.88
2.16
2.44
2.61
2.78
2.95
3.89
4.84
5.78
6.07
6.37
6.66
7.19
7.72
8.25
7.26
6.26
5.27
4.54
3.81
3.08
2.36
1.64
0.92
0.86
0.8
0.73
1.26
1.8
2.33
3.64
4.94
6.25
7.03
7.82
8.61
8.23
7.84
7.46
6.28
5.1
3.92
3.54
1.5
1.76
2.01
2.27
2.52
2.77
3.03
3.28
3.54
3.79
4.05
4.3
4.56
4.81
5.06
5.32
5.27
5.16
5.06
4.95
4.87
4.79
4.7
4.04
3.38
2.72
2.18
1.64
1.1
1.95
2.8
3.64
4.12
4.61
5.09
5.18
5.27
5.37
5.15
4.93
4.72
4.33
3.94
3.56
3.61
3.67
3.72
3.26
2.79
2.32
2.2
2.08
1.96
2.44
2.92
3.41
3.66
3.92
4.18
4.34
4.51
4.68
4.3
3.93
3.56
3.38
3.21
3.03
3.53
4.02
4.51
3.62
2.74
1.85
1.88
1.91
1.94
2.48
3.02
3.56
3.91
4.26
4.61
4.63
4.66
4.69
4.46
4.23
4
3.69
3.38
3.08
3.35
3.63
3.9
3.41
2.91
2.41
1.92
1.42
0.92
1.77
2.63
3.48
4.26
5.04
5.82
6.08
6.34
6.61
6.58
6.56
6.54
6.46
6.38
6.3
6.4
6.51
6.61
5.84
5.07
4.3
3.69
3.07
2.46
3.09
3.72
4.36
5.2
6.03
6.87
7.14
7.4
7.67
7.58
7.49
7.41
6.97
6.53
6.1
5.85
5.61
5.37
4.96
4.56
4.15
3.5
2.86
2.21
2.34
2.48
2.62
3.44
4.27
5.09
5.45
5.82
6.18
6.21
6.23
6.26
5.83
5.41
4.98
4.94
4.9
4.86
4.52
4.18
3.85
3.06
2.27
1.48
1.56
1.65
1.74
2.34
2.94
3.54
3.89
4.23
4.57
4.62
4.68
4.73
4.57
4.41
4.25
4.31
4.37
4.43
3.98
3.54
3.09
2.2
1.31
0.41
1.24
2.06
2.88
3.16
3.43
3.71
3.95
4.2
4.44
4.4
4.37
4.33
4.38
4.42
4.47
4.73
4.99
5.26
4.71
4.16
3.61
2.72
1.82
0.92
1.39
1.86
2.33
2.54
2.75
2.97
3.26
3.56
3.86
3.92
3.98
4.04
4.3
4.56
4.81
5.07
5.32
5.57
5.14
4.72
4.29
3.37
2.44
1.52
1.65
1.78
1.92
2.15
2.39
2.62
2.63
2.65
2.66
2.22
1.77
1.32
2.21
3.1
3.99
4.74
5.49
6.23
5.78
5.32
4.87
3.97
3.08
2.18
2.05
1.91
1.78
1.99
2.19
2.4
2.39
2.38
2.37
2.37
2.37
2.37
3.26
4.16
5.05
5.25
5.44
5.64
4.96
4.27
3.59
2.68
1.77
0.86
1.14
1.43
1.72
2.08
2.44
2.8
2.77
2.74
2.72
2.74
2.75
2.77
3.39
4
4.62
4.95
5.27
5.6
5.09
4.57
4.06
3.77
3.49
3.21
3.51
3.81
4.11
4.29
4.46
4.63
4.97
5.31
5.66
5.98
6.3
6.62
6.8
6.97
7.14
7.09
7.03
6.97
6.47
5.97
5.48
5.08
4.69
4.29
4.22
4.15
4.08
4.52
4.96
5.39
5.46
5.52
5.59
5.7
5.82
5.93
5.94
5.96
5.97
6.02
6.06
6.11
5.54
4.97
4.4
3.56
2.72
1.88
1.67
1.46
1.26
2.01
2.77
3.53
3.86
4.18
4.51
4.57
4.63
4.69
4.77
4.85
4.92
5.09
5.26
5.43
4.73
4.02
3.31
2.34
1.36
0.39
1.07
1.76
2.44
2.68
2.91
3.14
3.26
3.37
3.49
3.5
3.52
3.53
3.91
4.29
4.66
4.68
4.7
4.72
4.16
3.6
3.03
2.17
1.31
0.44
1.04
1.65
2.25
2.51
2.76
3.02
2.99
2.96
2.92
2.55
2.17
1.79
2.23
2.67
3.1
3.71
4.31
4.91
4.34
3.77
3.2
2.68
2.15
1.63
1.79
1.95
2.11
2.15
2.18
2.22
2.2
2.17
2.15
1.66
1.16
0.66
1.68
2.69
3.71
4.26
4.8
5.35
4.7
4.06
3.41
2.79
2.17
1.54
2.09
2.63
3.17
3.57
3.96
4.36
4.52
4.69
4.86
4.55
4.24
3.93
3.68
3.43
3.17
3.55
3.94
4.32
4.02
3.72
3.42
2.88
2.34
1.81
2.3
2.8
3.3
3.49
3.68
3.88
4
4.13
4.26
4.11
3.96
3.81
4.06
4.31
4.57
4.6
4.64
4.68
4.03
3.38
2.73
2.06
1.38
0.7
1.43
2.15
2.87
2.79
2.71
2.63
2.48
2.33
2.18
2.02
1.87
1.71
2.61
3.5
4.4
4.67
4.93
5.2
4.52
3.84
3.16
2.32
1.48
0.63
1.35
2.06
2.77
3.58
4.39
5.2
5.31
5.41
5.52
5.25
4.97
4.7
4.62
4.53
4.44
4.43
4.41
4.4
3.64
2.87
2.11
1.78
1.46
1.13
1.95
2.78
3.6
4.13
4.66
5.19
5.35
5.51
5.67
5.56
5.45
5.34
5.22
5.11
4.99
5.04
5.09
5.14
4.56
3.98
3.39
2.74
2.09
1.43
1.25
1.06
0.87
1.07
1.27
1.48
1.55
1.62
1.7
2.19
2.69
3.19
3.9
4.62
5.34
5.75
6.17
6.58
6.27
5.96
5.66
5.21
4.76
4.32
4.17
4.01
3.86
4.45
5.03
5.61
5.61
5.6
5.6
5.64
5.68
5.72
5.85
5.97
6.1
6.43
6.76
7.09
6.78
6.47
6.17
6.1
6.03
5.96
6.14
6.33
6.51
6.67
6.82
6.98
6.75
6.52
6.29
6.47
6.65
6.83
6.96
7.09
7.21
7.59
7.97
8.34
8.14
7.93
7.72
7.46
7.2
6.94
6.59
6.25
5.9
5.93
5.95
5.97
6.19
6.41
6.63
6.68
6.73
6.77
6.8
6.84
6.87
7.17
7.48
7.78
7.27
6.76
6.25
5.76
5.26
4.77
4.75
4.74
4.72
4.96
5.2
5.43
5.64
5.84
6.04
5.96
5.89
5.81
5.75
5.7
5.64
5.38
5.13
4.87
3.81
2.75
1.7
1.63
1.57
1.5
1.77
2.03
2.29
2.12
1.95
1.78
2.07
2.36
2.65
2.78
2.91
3.03
3.28
3.53
3.78
3.56
3.35
3.13
2.21
1.29
0.37
0.88
1.39
1.9
1.76
1.62
1.48
2.14
2.8
3.46
4.12
4.79
5.45
5.61
5.77
5.93
6.06
6.2
6.33
6.14
5.95
5.77
5.14
3.01
3.25
3.48
3.71
3.95
4.18
4.41
4.64
4.88
5.11
5.34
5.58
5.81
6.04
6.28
6.51
7.82
8.57
9.32
10.07
9.31
8.55
7.79
7
6.2
5.41
5.76
6.11
6.47
6.75
7.03
7.31
7.61
7.91
8.21
8.63
9.06
9.49
9.44
9.4
9.35
9.75
10.14
10.54
10.03
9.53
9.02
8.01
7.01
6
5.91
5.83
5.74
6.15
6.56
6.97
6.86
6.76
6.66
6.96
7.25
7.54
7.53
7.51
7.49
7.51
7.54
7.56
6.9
6.24
5.59
5.3
5.02
4.73
4.45
4.17
3.89
4
4.1
4.21
4.3
4.4
4.5
4.51
4.52
4.54
5.31
6.08
6.86
6.93
7.01
7.09
6.4
5.71
5.02
4.34
3.66
2.98
3.1
3.22
3.34
3.97
4.6
5.23
5.02
4.81
4.61
3.8
2.99
2.18
3.17
4.16
5.14
5.23
5.32
5.41
5.39
5.38
5.37
5.02
4.68
4.33
4.18
4.03
3.88
4.1
4.32
4.54
4.75
4.97
5.19
5.66
6.14
6.62
7.01
7.4
7.79
7.94
8.1
8.25
7.38
6.52
5.66
5.37
5.09
4.81
4.51
4.2
3.89
4.19
4.5
4.8
5.31
5.82
6.33
6.94
7.55
8.17
8.55
8.93
9.31
9.7
10.09
10.48
9.61
8.74
7.86
7.3
6.74
6.18
5.94
5.69
5.45
5.76
6.06
6.37
6.65
6.92
7.2
7.91
8.63
9.34
9.51
9.69
9.86
10
10.13
10.26
9.25
8.23
7.21
6.88
6.55
6.22
6.27
6.32
6.37
6.72
7.07
7.42
7.57
7.72
7.88
8.23
8.58
8.94
8.87
8.8
8.73
8.74
8.74
8.74
8.03
7.32
6.61
6.23
5.84
5.46
5.35
5.24
5.13
5.66
6.2
6.73
6.21
5.69
5.17
4.82
4.46
4.11
4.67
5.23
5.79
6.17
6.55
6.92
6.29
5.66
5.03
4.97
4.91
4.84
4.57
4.29
4.01
4.38
4.75
5.12
5.2
5.29
5.38
5.58
5.77
5.97
6.46
6.94
7.42
7.7
7.97
8.25
7.41
6.57
5.72
5.33
4.94
4.55
4.43
4.3
4.18
4.99
5.8
6.61
7.03
7.45
7.88
8.46
9.03
9.61
9.56
9.51
9.46
9.34
9.22
9.1
8.59
8.08
7.57
7.1
6.63
6.17
6.48
6.8
7.12
7.25
7.37
7.5
7.74
7.97
8.21
8.74
9.28
9.82
9.91
10
10.08
10.08
10.08
10.08
9.96
9.83
9.71
9.44
9.18
8.91
9.01
9.1
9.2
9.32
9.44
9.56
9.59
9.62
9.66
9.73
9.8
9.88
9.7
9.53
9.35
9.19
9.03
8.87
8.79
8.7
8.62
8.15
7.67
7.2
6.8
6.41
6.01
6.29
6.56
6.83
6.61
6.39
6.17
6.49
6.81
7.13
7.38
7.63
7.88
8.18
8.49
8.8
8.43
8.06
7.7
7.33
6.97
6.61
6.29
5.97
5.66
5.25
4.84
4.43
4.33
4.23
4.12
4.23
4.33
4.43
5.07
5.71
6.36
6.42
6.49
6.55
5.97
5.39
4.81
4.97
5.12
5.27
5.2
5.14
5.08
4.87
4.67
4.47
4.24
4.01
3.78
4.41
5.05
5.68
5.95
6.23
6.5
6.63
6.76
6.9
6.88
6.87
6.86
7.07
7.29
7.5
7.58
7.65
7.72
7.28
6.84
6.4
6.4
6.4
6.4
7.26
8.13
8.99
8.96
8.92
8.88
8.9
8.91
8.92
8.22
7.52
6.81
6.66
6.5
6.34
6.34
6.33
6.32
6.66
7
7.34
7.11
6.88
6.65
6.94
7.24
7.53
7.31
7.08
6.86
6.88
6.91
6.94
6.22
5.5
4.79
4.65
4.52
4.39
4.56
4.74
4.91
4.94
4.97
4.99
4.84
4.69
4.54
4.82
5.11
5.39
5.67
5.95
6.23
6.54
6.85
7.16
6.12
5.08
4.04
4.03
4.02
4.01
4.16
4.3
4.44
4.14
3.83
3.53
3.71
3.88
4.06
4.18
4.3
4.43
5.43
6.42
7.42
7.81
8.2
8.59
8.1
7.61
7.12
6.64
6.16
5.68
5.54
5.39
5.24
5.44
5.64
5.83
5.51
5.19
4.87
4.73
4.59
4.46
5.14
5.83
6.52
6.72
6.91
7.1
6.38
5.65
4.92
4.1
3.28
2.46
2.51
2.56
2.61
2.34
2.08
1.82
2.06
2.3
2.54
2.63
2.71
2.8
3.54
4.29
5.03
5.19
5.34
5.49
4.9
4.3
3.71
4.17
4.62
5.08
4.95
4.83
4.7
4.27
3.83
3.39
3.61
3.83
4.06
3.86
3.66
3.46
4.03
4.6
5.17
5.63
6.08
6.54
5.61
4.68
3.75
3.68
3.6
3.53
3.36
3.19
3.02
3.04
3.06
3.08
3.61
4.14
4.68
5.09
5.49
5.9
6.57
7.25
7.92
7.62
7.33
7.03
6.15
5.27
4.39
3.43
2.48
1.53
1.53
1.52
1.52
1.17
0.82
0.47
0.74
1.01
1.28
1.38
1.48
1.57
2.42
3.27
4.12
4.23
4.33
4.43
4.01
3.59
3.17
3.37
3.56
3.75
3.62
3.49
3.37
3.1
2.84
2.58
3.05
3.52
3.99
4.64
5.29
5.94
6.66
7.37
8.08
8.02
7.96
7.9
7.68
7.45
7.23
7.07
6.91
6.74
6.57
6.4
6.23
6.32
6.4
6.48
7.17
7.85
8.54
9.23
9.93
10.62
10.68
10.74
10.8
10.28
9.76
9.24
8.72
8.2
7.68
7.37
7.07
6.76
6.38
6
5.61
6.29
6.97
7.64
7.99
8.34
8.69
8.97
9.25
9.53
9.32
9.11
8.9
8.63
8.36
8.1
7.25
6.4
5.54
4.68
3.81
2.94
2.72
2.5
2.28
2.21
2.15
2.08
2.41
2.74
3.08
3.3
3.53
3.75
3.67
3.6
3.52
3.91
4.3
4.69
4.14
3.59
3.03
2.64
2.13
2.24
2.36
2.47
2.59
2.7
2.82
2.93
3.05
3.16
3.28
3.39
3.51
3.62
3.74
3.85
3.37
3.69
4.02
4.34
4.55
4.75
4.95
4.4
3.84
3.28
2.89
2.5
2.11
2.46
2.8
3.14
3.41
3.68
3.94
3.45
2.95
2.46
2.65
2.85
3.05
3.75
4.45
5.14
5.1
5.05
5.01
4.48
3.96
3.43
3.26
3.08
2.9
2.91
2.93
2.95
2.87
2.8
2.72
2.83
2.94
3.05
3.43
3.81
4.19
4.84
5.49
6.14
6.13
6.13
6.12
5.38
4.64
3.9
3.55
3.2
2.84
2.96
3.08
3.2
3.37
3.53
3.7
3.71
3.72
3.74
3.96
4.18
4.4
4.93
5.47
6
6.21
6.42
6.63
6.22
5.8
5.38
5.09
4.81
4.52
4.34
4.17
3.99
4.05
4.11
4.17
4.26
4.36
4.46
4.77
5.09
5.41
5.82
6.23
6.63
6.72
6.81
6.9
6.28
5.66
5.05
4.67
4.29
3.9
4.07
4.24
4.41
4.24
4.07
3.9
3.74
3.58
3.42
3.88
4.33
4.79
5.36
5.93
6.5
6.42
6.35
6.28
5.86
5.44
5.02
5.04
5.06
5.08
5.23
5.38
5.53
5.51
5.49
5.48
5.37
5.26
5.14
5.42
5.7
5.97
6.25
6.53
6.81
6.69
6.57
6.46
6.09
5.72
5.35
5.21
5.08
4.94
4.81
4.69
4.57
4.73
4.9
5.06
4.77
4.47
4.18
4.3
4.43
4.55
4.97
5.39
5.81
5.66
5.5
5.35
4.7
4.05
3.39
3.06
2.73
2.4
2.25
2.11
1.96
1.76
1.56
1.37
1.36
1.35
1.34
1.66
1.97
2.29
2.99
3.7
4.4
4.25
4.1
3.94
3.21
2.48
1.75
1.23
0.7
0.18
0.36
0.55
0.73
0.63
0.54
0.44
0.46
0.47
0.48
0.69
0.91
1.12
2.03
2.95
3.86
3.96
4.06
4.15
3.8
3.44
3.09
2.96
2.82
2.69
2.55
2.41
2.28
1.79
1.31
0.83
0.89
0.96
1.02
1.49
1.95
2.41
3.08
3.75
4.41
4.46
4.51
4.57
3.97
3.38
2.79
2.63
2.47
2.32
2.4
2.48
2.57
2.73
2.89
3.05
3.04
3.04
3.03
3.12
3.21
3.3
3.67
4.05
4.43
4.47
4.52
4.57
3.83
3.1
2.37
1.82
1.27
0.72
0.72
0.72
0.72
0.51
0.3
0.1
0.13
0.16
0.19
0.92
1.65
2.37
3.07
3.76
4.46
4.13
3.8
3.48
2.86
2.24
1.63
1.75
1.87
1.99
2.25
2.52
2.79
2.8
2.82
2.84
3.01
3.18
3.35
3.65
3.95
4.25
4.72
5.2
5.67
5.69
5.71
5.74
5.42
5.09
4.77
4.68
4.58
4.48
4.53
4.58
4.63
4.53
4.43
4.33
4.32
4.31
4.3
4.34
4.39
4.43
4.94
5.45
5.96
5.84
5.72
5.6
5.37
5.14
4.91
4.68
4.44
4.21
4.06
3.92
3.78
3.78
3.78
3.78
3.69
3.6
3.52
3.55
3.58
3.61
3.93
4.25
4.57
4.36
4.15
3.94
3.38
2.81
2.25
2.02
1.8
1.57
1.77
1.97
2.17
2.12
2.07
2.03
1.97
1.91
1.85
1.98
2.11
2.25
3.17
4.1
5.02
4.57
4.11
3.66
3.09
2.52
1.96
1.42
0.87
0.33
0.77
1.2
1.64
1.85
2.06
2.26
2.3
2.34
2.39
1.94
1.49
1.05
2.07
3.1
4.12
4.14
4.16
4.18
4.02
3.86
3.7
3.38
3.07
2.76
2.61
2.46
2.3
2.12
1.94
1.77
1.74
1.72
1.7
2.05
2.4
2.74
3.39
4.03
4.68
4.61
4.54
4.47
4.13
3.79
3.45
2.86
2.27
1.68
1.24
0.8
0.36
1.04
1.73
2.41
2.54
2.67
2.8
3.13
3.46
3.79
4.29
4.79
5.28
5.34
5.4
5.46
5.06
4.66
4.26
4.14
4.01
3.89
3.93
3.96
4
4.19
4.39
4.58
4.4
4.22
4.04
4.29
4.53
4.77
5.08
5.39
5.7
5.67
5.65
5.63
5.23
4.83
4.43
4.34
4.26
4.18
4.08
3.99
3.89
4.05
4.21
4.37
4.22
4.07
3.92
4.08
4.24
4.4
4.61
4.82
5.03
4.99
4.95
4.91
4.24
3.58
2.91
2.63
2.36
2.08
1.73
1.37
1.02
1.07
1.12
1.17
1.5
1.83
2.17
2.21
2.25
2.29
2.91
3.52
4.14
4.18
4.23
4.28
3.8
3.32
2.84
2.34
1.84
1.34
0.99
0.64
0.29
0.36
0.44
0.51
0.51
0.5
0.5
0.6
0.7
0.8
1.87
2.94
4.01
3.84
3.67
3.5
2.97
2.44
1.9
1.76
1.62
1.48
1.41
1.35
1.28
1.36
1.44
1.52
1.27
1.03
0.79
0.99
1.2
1.41
2.35
3.3
4.25
4.28
4.3
4.33
3.89
3.46
3.02
2.79
2.56
2.33
2.2
2.07
1.94
2.22
2.49
2.76
2.72
2.68
2.63
2.69
2.75
2.81
3.26
3.71
4.17
4.06
3.95
3.85
3.78
3.71
3.64
3.72
3.81
3.89
3.77
3.65
3.53
3.36
3.19
3.02
3.03
3.04
3.05
3.29
3.53
3.77
4.06
4.34
4.63
4.46
4.29
4.12
3.98
3.84
3.7
3.94
4.18
4.43
4.46
4.48
4.51
4.29
4.07
3.85
3.72
3.6
3.48
3.77
4.06
4.34
4.74
5.13
5.52
5.35
5.18
5.01
4.52
4.04
3.56
3.62
3.69
3.75
4.23
4.71
5.19
5.08
4.97
4.86
4.92
4.98
5.05
5.3
5.54
5.79
5.86
5.92
5.99
5.92
5.86
5.79
5.61
5.43
5.24
5.44
5.65
5.85
6.13
6.41
6.69
6.65
6.62
6.58
6.29
6
5.71
5.75
5.78
5.82
5.95
6.08
6.21
6.33
6.45
6.57
6.38
6.2
6.01
6.06
6.11
6.15
6.32
6.48
6.65
6.68
6.71
6.74
6.57
6.4
6.22
6.11
6.01
5.9
5.93
5.95
5.97
5.77
5.56
5.35
5.19
5.19
5.38
5.58
5.78
5.98
6.18
6.37
6.57
6.77
6.97
7.16
7.36
7.56
7.76
7.95
8.15
6.99
6.86
6.73
6.59
6.81
7.03
7.26
6.97
6.69
6.4
6.36
6.33
6.29
6.53
6.77
7.01
7.06
7.11
7.16
6.7
6.24
5.78
5.58
5.38
5.19
5.39
5.59
5.79
5.72
5.65
5.57
5.22
4.87
4.52
4.61
4.69
4.77
5
5.22
5.45
5.9
6.36
6.81
6.71
6.6
6.5
6.56
6.63
6.69
6.61
6.52
6.44
6.39
6.33
6.28
6.12
5.96
5.81
5.91
6.01
6.11
6.23
6.35
6.47
6.84
7.21
7.59
7.42
7.25
7.08
7.07
7.06
7.05
7.12
7.19
7.26
7.05
6.85
6.65
6.29
5.94
5.59
5.66
5.73
5.81
5.94
6.08
6.22
6.25
6.28
6.3
6.04
5.77
5.5
5.52
5.54
5.56
5.7
5.83
5.97
5.91
5.85
5.79
5.81
5.83
5.85
6.17
6.48
6.8
7.11
7.43
7.74
8.19
8.64
9.09
9.13
9.17
9.21
8.97
8.73
8.48
8.19
7.9
7.61
7.53
7.44
7.35
7.49
7.63
7.77
7.95
8.14
8.33
8.24
8.16
8.07
8.1
8.13
8.17
8
7.84
7.68
7.55
7.42
7.28
7.27
7.26
7.26
7.17
7.08
6.99
6.85
6.71
6.57
6.45
6.34
6.22
6.26
6.29
6.33
6.31
6.29
6.28
6.04
5.8
5.56
5.51
5.46
5.41
5.54
5.67
5.81
5.94
6.06
6.19
5.82
5.45
5.08
4.94
4.8
4.66
4.83
5
5.17
5.54
5.9
6.26
6.13
6
5.88
5.76
5.65
5.53
5.57
5.6
5.64
5.57
5.5
5.43
5
4.57
4.14
3.9
3.66
3.42
3.6
3.78
3.96
4.49
5.02
5.54
5.61
5.68
5.75
5.78
5.81
5.83
5.66
5.49
5.31
5.15
4.99
4.83
4.33
3.83
3.32
3.12
2.92
2.72
2.95
3.19
3.42
3.81
4.2
4.59
4.34
4.09
3.83
3.59
3.35
3.1
3.2
3.31
3.41
3.64
3.87
4.1
3.54
2.99
2.44
2.1
1.76
1.42
1.19
0.96
0.73
1.49
2.25
3.01
2.99
2.98
2.97
3.09
3.2
3.32
3.74
4.16
4.58
4.81
5.05
5.28
4.88
4.48
4.08
3.76
3.43
3.1
3.04
2.98
2.92
3.5
4.07
4.65
4.57
4.49
4.41
4.48
4.54
4.61
4.87
5.13
5.39
5.25
5.11
4.97
4.34
3.71
3.09
3.04
3
2.95
3.34
3.72
4.11
4.49
4.86
5.24
5.22
5.2
5.17
5.38
5.6
5.81
5.93
6.05
6.17
6.16
6.16
6.15
5.99
5.82
5.66
5.63
5.61
5.59
5.6
5.6
5.61
5.79
5.97
6.15
6.17
6.2
6.22
6.24
6.27
6.29
6.24
6.19
6.14
5.89
5.63
5.38
5.22
5.06
4.9
4.82
4.75
4.68
4.64
4.61
4.58
4.88
5.19
5.49
5.25
5.01
4.77
4.46
4.14
3.82
3.94
4.07
4.19
4.32
4.44
4.57
4.35
4.13
3.92
3.66
3.41
3.16
2.81
2.47
2.12
2.51
2.9
3.28
3.19
3.09
2.99
2.97
2.95
2.92
3.4
3.88
4.36
4.44
4.51
4.59
4.18
3.77
3.37
3.14
2.91
2.68
2.93
3.19
3.45
3.95
4.45
4.95
5.17
5.39
5.61
5.75
5.88
6.01
6.02
6.03
6.04
5.99
5.94
5.89
5.41
4.93
4.46
4.42
4.38
4.34
4.45
4.55
4.65
4.94
5.23
5.52
5.65
5.77
5.9
5.93
5.95
5.97
5.91
5.85
5.79
5.71
5.63
5.54
4.98
4.41
3.85
3.66
3.47
3.28
3.56
3.84
4.12
4.94
5.75
6.57
6.72
6.88
7.03
7.16
7.29
7.42
7.39
7.37
7.34
7.28
7.22
7.16
7
6.84
6.68
6.71
6.74
6.77
7.04
7.31
7.57
7.88
8.18
8.48
8.35
8.23
8.1
8.13
8.17
8.21
8.26
8.31
8.36
8.37
8.38
8.39
8.13
7.87
7.61
7.32
7.03
6.74
6.64
6.53
6.43
6.43
6.43
6.43
6.18
5.93
5.68
5.65
5.62
5.59
5.86
6.14
6.41
6.16
5.91
5.66
5.41
5.16
4.91
4.87
4.83
4.79
4.81
4.83
4.86
5.2
5.54
5.89
5.58
5.26
4.95
4.82
4.69
4.57
4.7
4.83
4.97
5.04
5.11
5.19
4.7
4.21
3.72
3.25
2.77
2.29
2.08
1.88
1.67
2.11
2.54
2.98
2.8
2.62
2.44
2.49
2.54
2.59
3.14
3.7
4.25
4.38
4.51
4.63
3.92
3.21
2.5
2.23
1.96
1.7
1.93
2.17
2.4
2.75
3.1
3.45
3.34
3.24
3.13
3.03
2.94
2.84
3.06
3.27
3.49
3.61
3.73
3.85
3.6
3.35
3.1
2.95
2.8
2.65
2.55
2.46
2.36
2.32
2.29
2.25
2
1.74
1.49
1.52
1.55
1.59
2.26
2.94
3.61
3.58
3.54
3.5
2.8
2.1
1.39
1.21
1.03
0.86
0.95
1.04
1.13
1.38
1.63
1.88
1.79
1.7
1.61
1.67
1.73
1.79
2.37
2.94
3.52
3.49
3.46
3.43
2.92
2.41
1.9
1.6
1.3
0.99
1.28
1.56
1.85
2
2.15
2.3
2.06
1.82
1.57
1.71
1.86
2
2.57
3.15
3.72
3.77
3.83
3.88
3.4
2.92
2.44
2.23
2.03
1.82
2
2.17
2.34
2.54
2.73
2.92
2.99
3.05
3.12
3.13
3.14
3.14
3.37
3.6
3.82
4.24
4.67
5.09
4.69
4.28
3.88
3.51
3.14
2.77
2.9
3.03
3.16
3.43
3.69
3.96
4.02
4.09
4.15
4.12
4.1
4.07
4.1
4.12
4.15
4.26
4.36
4.47
4.09
3.26
3.25
3.24
3.23
3.22
3.2
3.19
3.18
3.17
3.16
3.14
3.13
3.12
3.11
3.1
3.09
2.9
3.26
3.63
4
3.88
3.75
3.63
3.25
2.87
2.5
2.61
2.73
2.84
2.87
2.9
2.92
2.76
2.59
2.43
1.99
1.54
1.1
1.3
1.49
1.68
2.39
3.1
3.81
3.82
3.83
3.85
3.42
2.99
2.57
2.37
2.18
1.99
1.87
1.76
1.64
1.6
1.55
1.5
1.29
1.08
0.87
0.86
0.85
0.84
1.59
2.33
3.08
3.31
3.55
3.79
3.39
2.99
2.59
2.15
1.71
1.27
1.08
0.88
0.69
0.91
1.12
1.34
1.45
1.57
1.68
1.68
1.68
1.68
2.09
2.5
2.91
3.2
3.5
3.79
3.38
2.97
2.55
2.24
1.93
1.61
1.66
1.7
1.74
2.06
2.37
2.69
2.41
2.13
1.85
1.62
1.39
1.16
2.07
2.99
3.9
4.16
4.41
4.66
4.12
3.59
3.05
2.71
2.37
2.03
2.29
2.56
2.83
3.2
3.58
3.96
3.84
3.72
3.6
3.53
3.45
3.38
3.74
4.11
4.47
4.46
4.46
4.46
3.95
3.44
2.94
2.73
2.52
2.32
2.44
2.56
2.68
2.79
2.9
3.01
2.67
2.34
2
1.91
1.82
1.72
2.24
2.75
3.27
3.53
3.79
4.06
3.63
3.21
2.79
2.86
2.94
3.02
3.39
3.77
4.14
4.43
4.73
5.02
4.84
4.65
4.47
4.44
4.4
4.37
4.7
5.03
5.37
5.57
5.77
5.97
5.52
5.07
4.62
4.48
4.34
4.19
4.35
4.51
4.68
5.07
5.47
5.86
5.68
5.5
5.32
5.19
5.05
4.91
5.01
5.1
5.2
5.31
5.43
5.54
5.36
5.18
4.99
4.91
4.84
4.76
4.73
4.69
4.66
4.57
4.48
4.39
4.07
3.76
3.45
3.63
3.82
4
4.42
4.85
5.27
5.13
4.99
4.86
4.3
3.75
3.2
2.89
2.57
2.26
2.35
2.44
2.52
2.53
2.54
2.55
2.27
1.99
1.71
1.94
2.17
2.4
3.04
3.69
4.33
4.55
4.77
4.99
4.65
4.31
3.97
3.77
3.57
3.37
3.24
3.12
2.99
3.29
3.58
3.88
4.25
4.62
4.99
5.26
5.54
5.81
5.88
5.95
6.03
6.27
6.51
6.74
6.61
6.48
6.34
5.91
5.48
5.05
4.72
4.4
4.07
3.76
3.45
3.14
3.26
3.37
3.48
3.67
3.86
4.06
4.33
4.61
4.88
4.93
4.97
5.02
4.65
4.28
3.9
3.55
3.2
2.86
2.74
2.62
2.5
2.24
1.98
1.72
1.61
1.49
1.38
1.55
1.73
1.9
2.48
3.06
3.64
3.87
4.09
4.32
4.14
3.96
3.78
3.67
3.57
3.46
3.14
2.82
2.5
3.01
3.52
4.03
5.07
6.11
7.14
7.23
7.31
7.39
7.25
7.1
6.95
6.97
7
7.02
6.66
6.29
5.93
5.88
5.83
5.78
6.12
6.46
6.8
7.06
7.31
7.57
7.27
6.97
6.68
6.52
6.37
6.22
6.14
6.06
5.99
6.02
6.06
6.1
5.65
5.2
4.76
4.64
4.53
4.41
4.59
4.76
4.94
5.17
5.41
5.64
5.45
5.26
5.06
5.06
5.05
5.05
5.24
5.43
5.61
5.44
5.26
5.09
4.62
4.15
3.68
3.46
3.24
3.02
3.14
3.25
3.37
3.35
3.34
3.32
3.19
3.05
2.91
3.04
3.17
3.3
3.91
4.52
5.13
5.33
5.54
5.74
5.3
4.86
4.41
4.11
3.82
3.52
3.72
3.93
4.14
4.66
5.19
5.71
5.76
5.8
5.85
5.97
6.1
6.22
6.42
6.62
6.81
6.69
6.57
6.44
6.24
6.04
5.83
5.83
5.83
5.82
5.89
5.95
6.01
5.99
5.96
5.93
5.69
5.44
5.2
5.14
5.08
5.02
5.55
6.08
6.61
6.49
6.37
6.25
5.8
5.36
4.91
4.83
4.75
4.68
4.7
4.72
4.74
4.74
4.74
4.73
4.39
4.05
3.71
3.78
3.85
3.92
4.38
4.84
5.3
5.48
5.66
5.83
5.29
4.75
4.21
3.98
3.75
3.52
3.46
3.41
3.35
3.54
3.72
3.9
4.29
4.68
5.06
5.38
5.71
6.03
6.3
6.58
6.86
7.13
7.4
7.67
7.22
6.78
6.33
6.23
6.12
6.01
6.29
6.56
6.83
7.06
7.3
7.53
7.34
7.14
6.95
7.1
7.25
7.39
7.31
7.22
7.13
6.91
6.68
6.46
6.39
6.32
6.25
6.51
6.78
7.05
7.51
7.98
8.44
8.77
9.09
9.42
9.42
9.42
9.42
9.32
9.23
9.13
8.93
8.73
8.52
8.41
8.3
8.19
8.05
7.9
7.75
7.96
8.17
8.39
8.53
8.67
8.81
8.71
8.61
8.51
8.24
7.97
7.7
7.72
7.75
7.78
7.84
7.9
7.96
7.71
7.46
7.21
7.05
6.89
6.73
6.75
6.78
6.8
6.88
6.97
7.05
6.76
6.48
6.19
6.17
6.16
6.14
6.09
6.05
6
5.99
5.98
5.97
5.76
5.55
5.34
5.29
5.24
5.19
5.56
5.93
6.3
6.44
6.57
6.7
6.43
6.15
5.88
5.66
5.44
5.23
5.12
5.01
4.9
5.1
5.31
5.52
5.54
5.56
5.59
5.22
4.86
4.5
4.21
3.92
3.63
3.67
3.71
3.75
3.65
3.55
3.45
3.39
3.33
3.27
3.46
3.65
3.83
4.21
4.59
4.97
5.06
5.15
5.24
4.99
4.74
4.5
4.29
4.09
3.89
4.09
4.29
4.48
4.85
5.22
5.59
5.49
5.38
5.28
5.06
4.83
4.61
4.7
4.79
4.88
5.03
5.18
5.32
4.96
4.6
4.23
4.06
3.89
3.72
3.76
3.79
3.82
4.12
4.43
4.73
4.47
4.21
3.94
3.94
3.93
3.92
4.27
4.63
4.98
5.01
5.04
5.08
4.54
4.01
3.48
3.11
2.75
2.39
1.91
1.44
0.97
1.9
2.83
3.77
3.47
3.17
2.87
2.88
2.9
2.91
3.43
3.94
4.46
4.7
4.95
5.2
4.89
3.38
3.6
3.83
4.05
4.28
4.5
4.73
4.95
