0
0
0
0
0
120
307
506
630
676
630
579
439
274
124
0
0
0
0
0
0
0
0
0
0
0
0
0
0
120
337
520
655
726
725
655
521
342
135
0
0
0
0
0
0
0
0
0
0
0
0
0
0
118
333
523
652
731
719
668
529
344
140
0
0
0
0
0
0
0
0
0
0
0
0
0
0
116
329
514
657
724
737
662
529
351
143
0
0
0
0
0
0
0
0
0
0
0
0
0
0
116
332
523
664
745
751
672
538
355
145
0
0
0
0
0
0
0
0
0
0
0
0
0
0
110
327
520
662
743
753
675
534
358
148
0
0
0
0
0
0
0
0
0
0
0
0
0
0
111
325
515
663
740
755
688
546
361
150
0
0
0
0
0
0
0
0
0
0
0
0
0
0
112
321
510
653
738
745
683
552
366
151
0
0
0
0
0
0
0
0
0
0
0
0
0
0
113
329
516
661
740
751
690
558
377
157
0
0
0
0
0
0
0
0
0
0
0
0
0
0
118
334
517
655
729
741
677
555
372
158
0
0
0
0
0
0
0
0
0
0
0
0
0
0
118
334
515
657
727
744
688
561
377
164
0
0
0
0
0
0
0
0
0
0
0
0
0
0
117
335
522
662
733
746
691
561
376
164
0
0
0
0
0
0
0
0
0
0
0
0
0
0
33
51
517
671
748
757
667
520
322
153
0
0
0
0
0
0
0
0
0
0
0
0
0
0
106
314
515
676
754
760
573
555
387
171
0
0
0
0
0
0
0
0
0
0
0
0
0
0
106
324
400
250
391
631
541
479
349
175
0
0
0
0
0
0
0
0
0
0
0
0
0
0
61
162
343
553
692
651
680
536
296
107
0
0
0
0
0
0
0
0
0
0
0
0
0
0
89
177
496
652
732
743
683
468
216
73
0
0
0
0
0
0
0
0
0
0
0
0
0
0
84
275
503
684
760
784
702
568
376
177
0
0
0
0
0
0
0
0
0
0
0
0
0
0
111
333
534
686
763
787
721
597
401
187
0
0
0
0
0
0
0
0
0
0
0
0
0
0
121
338
542
692
770
786
728
588
409
193
0
0
0
0
0
0
0
0
0
0
0
0
0
0
117
309
478
661
751
764
736
595
409
195
0
0
0
0
0
0
0
0
0
0
0
0
0
0
121
341
548
694
780
789
731
599
414
194
0
0
0
0
0
0
0
0
0
0
0
0
0
0
122
344
542
700
791
796
735
599
413
182
0
0
0
0
0
0
0
0
0
0
0
0
0
0
119
340
538
695
786
804
747
603
415
199
0
0
0
0
0
0
0
0
0
0
0
0
0
0
114
334
531
694
789
799
743
607
411
202
0
0
0
0
0
0
0
0
0
0
0
0
0
0
116
340
543
697
784
785
710
610
420
206
0
0
0
0
0
0
0
0
0
0
0
0
0
0
130
336
511
645
779
789
718
458
423
115
0
0
0
0
0
0
0
0
0
0
0
0
0
0
127
351
559
699
782
797
746
618
436
218
0
0
0
0
0
0
0
0
0
0
0
0
0
0
127
357
568
714
798
814
762
629
454
224
0
0
0
0
0
0
0
0
0
0
0
0
0
0
117
348
556
717
798
822
758
639
444
233
0
0
0
0
0
0
0
0
0
0
0
0
0
0
95
326
549
716
801
817
770
644
450
232
1
0
0
0
0
0
0
0
0
0
0
0
0
0
115
341
542
715
805
825
758
619
441
209
8
0
0
0
0
0
0
0
0
0
0
0
0
0
115
344
554
711
800
820
753
623
437
213
11
0
0
0
0
0
0
0
0
0
0
0
0
0
132
360
563
718
808
833
766
634
451
224
14
0
0
0
0
0
0
0
0
0
0
0
0
0
135
365
567
722
812
833
774
645
459
231
15
0
0
0
0
0
0
0
0
0
0
0
0
0
124
355
560
721
816
842
778
653
468
233
18
0
0
0
0
0
0
0
0
0
0
0
0
0
109
341
550
717
673
571
803
657
474
240
22
0
0
0
0
0
0
0
0
0
0
0
0
0
119
344
557
716
819
841
791
668
473
241
23
0
0
0
0
0
0
0
0
0
0
0
0
0
125
355
567
724
827
845
786
661
485
247
27
0
0
0
0
0
0
0
0
0
0
0
0
0
125
349
531
686
480
350
539
603
470
241
16
0
0
0
0
0
0
0
0
0
0
0
0
0
121
380
531
731
793
786
569
632
447
257
13
0
0
0
0
0
0
0
0
0
0
0
0
0
148
391
597
764
853
857
799
670
480
256
35
0
0
0
0
0
0
0
0
0
0
0
0
0
150
386
597
760
839
852
794
670
484
253
37
0
0
0
0
0
0
0
0
0
0
0
0
0
164
402
629
768
889
884
816
685
501
279
37
0
0
0
0
0
0
0
0
0
0
0
0
0
164
410
630
788
889
903
833
700
507
270
42
0
0
0
0
0
0
0
0
0
0
0
0
0
158
398
621
780
884
897
833
708
505
286
45
0
0
0
0
0
0
0
0
0
0
0
0
0
97
375
615
808
778
902
837
712
509
160
34
0
0
0
0
0
0
0
0
0
0
0
0
0
165
396
592
776
878
843
832
704
510
279
50
0
0
0
0
0
0
0
0
0
0
0
0
0
104
402
627
784
878
896
841
712
516
285
55
0
0
0
0
0
0
0
0
0
0
0
0
0
149.95
386.9
624
775
878
895
854
723
531
288
55
0
0
0
0
0
0
0
0
0
0
0
0
0
187
425
638
788
882
904
840
708
523
291
57
0
0
0
0
0
0
0
0
0
0
0
0
0
192
432
639
784
881
888
825
684
500
283
62
0
0
0
0
0
0
0
0
0
0
0
0
0
109
436
650
801
895
913
848
715
521
308
49
0
0
0
0
0
0
0
0
0
0
0
0
0
143
342
541
672
745
810
762
496
466
250
55
0
0
0
0
0
0
0
0
0
0
0
0
0
141
382
609
765
859
885
822
707
519
293
65
0
0
0
0
0
0
0
0
0
0
0
0
0
185
419
627
778
878
884
840
702
522
277
29
0
0
0
0
0
0
0
0
0
0
0
0
0
150
391
613
773
867
893
849
709
525
295
67
0
0
0
0
0
0
0
0
0
0
0
0
0
163
107
262
533
764
778
804
664
504
284
63
0
0
0
0
0
0
0
0
0
0
0
0
0
185
428
647
809
895
916
856
716
531
314
77
0
0
0
0
0
0
0
0
0
0
0
0
0
96
379
599
780
893
930
890
768
585
379
145
0
0
0
0
0
0
0
0
0
0
0
0
0
124
383
610
784
907
960
904
811
598
391
148
0
0
0
0
0
0
0
0
0
0
0
0
0
80
294
502
691
820
858
846
739
576
353
137
0
0
0
0
0
0
0
0
0
0
0
0
0
108
351
581
753
884
926
875
782
625
382
154
0
0
0
0
0
0
0
0
0
0
0
0
0
112
355
582
757
888
940
909
794
610
394
173
0
0
0
0
0
0
0
0
0
0
0
0
0
117
368
600
797
913
970
918
807
641
396
160
0
0
0
0
0
0
0
0
0
0
0
0
0
127
387
621
797
917
958
952
819
637
419
169
0
0
0
0
0
0
0
0
0
0
0
0
0
95
371
612
805
921
994
883
835
650
421
179
0
0
0
0
0
0
0
0
0
0
0
0
0
26
214
358
582
805
895
870
802
559
344
108
0
0
0
0
0
0
0
0
0
0
0
0
0
140
365
631
800
929
964
936
832
630
419
162
0
0
0
0
0
0
0
0
0
0
0
0
0
132
392
105
808
927
978
908
798
622
412
172
0
0
0
0
0
0
0
0
0
0
0
0
0
162
427
646
844
957
998
927
833
628
362
93
0
0
0
0
0
0
0
0
0
0
0
0
0
167
427
661
848
961
990
951
827
656
418
170
0
0
0
0
0
0
0
0
0
0
0
0
0
172
424
666
853
954
994
954
848
662
430
180
0
0
0
0
0
0
0
0
0
0
0
0
0
169
421
670
848
968
1008
972
859
653
415
175
0
0
0
0
0
0
0
0
0
0
0
0
0
161
420
652
838
967
995
981
844
666
436
185
0
0
0
0
0
0
0
0
0
0
0
0
0
173
439
671
851
976
1009
983
855
661
438
188
0
0
0
0
0
0
0
0
0
0
0
0
0
172
421
653
841
974
1007
986
871
681
423
189
0
0
0
0
0
0
0
0
0
0
0
0
1
176
442
661
825
951
1010
952
846
676
444
191
0
0
0
0
0
0
0
0
0
0
0
0
1
181
454
646
863
965
956
981
858
678
462
194
0
0
0
0
0
0
0
0
0
0
0
0
1
179
154
391
770
876
466
779
519
327
458
142
0
0
0
0
0
0
0
0
0
0
0
0
1
27
395
626
793
939
854
954
862
682
425
190
0
0
0
0
0
0
0
0
0
0
0
0
1
202
462
692
869
1002
1032
984
883
706
461
192
0
0
0
0
0
0
0
0
0
0
0
0
1
220
474
700
896
1005
1035
986
862
689
465
202
0
0
0
0
0
0
0
0
0
0
0
0
1
237
486
712
895
1008
1027
988
864
691
467
204
0
0
0
0
0
0
0
0
0
0
0
0
1
237
500
731
899
1011
1052
1001
875
693
452
206
0
0
0
0
0
0
0
0
0
0
0
0
1
221
481
704
888
1003
1015
987
867
687
453
201
0
0
0
0
0
0
0
0
0
0
0
0
1
240
501
723
906
1006
1040
989
869
677
447
202
0
0
0
0
0
0
0
0
0
0
0
0
3
237
505
735
919
1025
1043
1002
861
683
448
204
0
0
0
0
0
0
0
0
0
0
0
0
3
155
512
742
907
1028
1051
1004
891
703
467
206
0
0
0
0
0
0
0
0
0
0
0
0
4
235
503
719
888
975
1029
880
389
317
434
194
0
0
0
0
0
0
0
0
0
0
0
0
49
266
517
749
909
984
984
899
771
566
334
106
0
0
0
0
0
0
0
0
0
0
0
0
71
325
562
760
898
1003
1018
950
798
583
360
119
0
0
0
0
0
0
0
0
0
0
0
0
16
340
592
825
967
1051
1046
966
808
600
365
121
0
0
0
0
0
0
0
0
0
0
0
0
97
347
596
819
975
1044
1048
958
809
604
368
126
0
0
0
0
0
0
0
0
0
0
0
0
74
311
567
798
945
1025
1024
940
798
593
354
116
0
0
0
0
0
0
0
0
0
0
0
0
40
259
521
769
928
1017
1031
952
812
603
361
121
0
0
0
0
0
0
0
0
0
0
0
0
62
281
549
792
950
1040
1038
963
809
598
359
127
0
0
0
0
0
0
0
0
0
0
0
0
43
244
499
737
864
968
986
240
776
577
344
116
0
0
0
0
0
0
0
0
0
0
0
0
51
233
502
744
910
964
311
796
417
434
355
117
0
0
0
0
0
0
0
0
0
0
0
0
11
293
367
767
753
1030
1048
967
816
608
368
130
0
0
0
0
0
0
0
0
0
0
0
0
106
354
605
816
974
1058
1065
982
830
621
381
135
0
0
0
0
0
0
0
0
0
0
0
0
120
371
615
839
976
1050
1050
979
835
626
389
140
0
0
0
0
0
0
0
0
0
0
0
0
129
380
621
834
988
1051
1052
975
828
617
377
125
0
0
0
0
0
0
0
0
0
0
0
0
138
386
624
836
951
983
978
946
808
625
392
141
0
0
0
0
0
0
0
0
0
0
0
0
145
393
633
843
978
1049
1049
967
834
626
389
143
0
0
0
0
0
0
0
0
0
0
0
0
143
390
630
829
970
1040
1034
953
805
614
383
141
0
0
0
0
0
0
0
0
0
0
0
0
153
397
639
848
967
1052
1041
964
819
621
388
139
0
0
0
0
0
0
0
0
0
0
0
0
92
311
587
821
964
1038
1037
955
816
616
363
131
0
0
0
0
0
0
0
0
0
0
0
0
98
328
576
797
971
1034
1043
941
803
610
376
139
0
0
0
0
0
0
0
0
0
0
0
0
139
376
622
851
982
1062
1055
977
830
624
389
144
0
0
0
0
0
0
0
0
0
0
0
0
153
387
631
849
993
1063
1055
982
830
631
388
148
0
0
0
0
0
0
0
0
0
0
0
0
142
375
613
834
995
1053
1056
973
823
623
389
144
0
0
0
0
0
0
0
0
0
0
0
0
119
346
592
823
961
1033
1052
984
840
648
390
127
0
0
0
0
0
0
0
0
0
0
0
0
101
266
480
816
978
1056
1058
984
849
637
399
157
0
0
0
0
0
0
0
0
0
0
0
0
129
353
579
782
989
1067
1069
1004
854
650
411
154
0
0
0
0
0
0
0
0
0
0
0
0
138
376
605
819
786
642
1027
981
855
651
398
153
0
0
0
0
0
0
0
0
0
0
0
0
130
366
614
834
966
1047
1049
961
834
630
391
148
0
0
0
0
0
0
0
0
0
0
0
0
94
302
551
782
952
1021
1017
952
809
621
384
131
0
0
0
0
0
0
0
0
0
0
0
0
119
337
580
810
979
1043
1039
967
832
635
391
154
0
0
0
0
0
0
0
0
0
0
0
0
72
332
339
807
716
901
952
958
824
626
222
97
0
0
0
0
0
0
0
0
0
0
0
0
52
256
408
378
694
907
990
927
814
617
408
160
0
0
0
0
0
0
0
0
0
0
0
0
150
394
654
849
994
1065
1049
975
815
621
389
153
0
0
0
0
0
0
0
0
0
0
0
0
188
420
666
878
989
1082
1072
997
825
622
393
162
0
0
0
0
0
0
0
0
0
0
0
0
195
435
668
870
1011
1083
1072
992
834
639
394
157
0
0
0
0
0
0
0
0
0
0
0
0
193
426
669
862
991
1078
1056
987
826
633
399
158
0
0
0
0
0
0
0
0
0
0
0
0
185
421
674
867
997
1067
1062
992
844
641
396
162
0
0
0
0
0
0
0
0
0
0
0
0
195
429
679
868
987
1061
1068
950
799
611
388
160
0
0
0
0
0
0
0
0
0
0
0
0
189
426
677
874
1003
1062
1057
988
845
643
402
164
0
0
0
0
0
0
0
0
0
0
0
0
143
375
634
842
971
1045
1039
983
828
626
388
155
0
0
0
0
0
0
0
0
0
0
0
0
123
349
606
819
944
1021
1023.3
935
810
624
391
156
0
0
0
0
0
0
0
0
0
0
0
0
107
314
577
772
934
1022
1028
957
819
614
386
155
0
0
0
0
0
0
0
0
0
0
0
0
164
400
648
853
994
1057
1052
984
838
642
409
170
0
0
0
0
0
0
0
0
0
0
0
0
192
433
671
863
994
1074
1052
973
834
636
410
172
0
0
0
0
0
0
0
0
0
0
0
0
202
444
683
873
1000
1063
1063
984
834
640
409
173
0
0
0
0
0
0
0
0
0
0
0
0
205
450
676
859
989
1051
1023
941
816
627
397
168
0
0
0
0
0
0
0
0
0
0
0
0
172
390
644
855
990
1057
1057
979
840
639
409
173
0
0
0
0
0
0
0
0
0
0
0
0
179
405
648
860
1006
1063
1034
969
827
629
395
164
0
0
0
0
0
0
0
0
0
0
0
0
145
352
597
799
929
1028
1028
953
808
619
384
156
0
0
0
0
0
0
0
0
0
0
0
1
148
360
608
818
962
1022
1034
947
809
616
385
171
0
0
0
0
0
0
0
0
0
0
0
14
170
380
631
842
990
1068
1074
985
846
638
412
167
0
0
0
0
0
0
0
0
0
0
0
10
181
396
639
851
1000
1074
1069
1001
851
650
417
178
0
0
0
0
0
0
0
0
0
0
0
16
199
404
635
842
973
1051
1046
980
842
643
403
169
0
0
0
0
0
0
0
0
0
0
0
2
139
350
587
785
929
998
1011
948
815
619
408
167
0
0
0
0
0
0
0
0
0
0
0
7
146
367
625
832
973
1051
1046
964
834
642
414
176
0
0
0
0
0
0
0
0
0
0
0
10
155
373
625
823
967
1033
1040
970
844
646
422
183
0
0
0
0
0
0
0
0
0
0
0
13
186
395
640
842
978
1056
1040
976
840
650
428
191
0
0
0
0
0
0
0
0
0
0
0
11
189
408
666
851
978
1050
1040
981
836
644
420
187
0
0
0
0
0
0
0
0
0
0
0
2
64
223
458
661
813
897
894
835
715
537
334
148
0
0
0
0
0
0
0
0
0
0
0
11
156
379
632
827
977
1055
1051
981
837
639
417
191
0
0
0
0
0
0
0
0
0
0
0
21
204
399
640
846
993
1066
1051
987
842
653
421
190
0
0
0
0
0
0
0
0
0
0
0
22
216
434
680
864
971
1055
1045
987
842
647
422
190
0
0
0
0
0
0
0
0
0
0
0
10
207
468
697
877
1012
1081
1066
986
828
631
368
198
0
0
0
0
0
0
0
0
0
0
0
2
119
468
683
867
985
1069
1060
981
810
624
420
195
0
0
0
0
0
0
0
0
0
0
0
3
142
365
621
797
936
1006
1009
938
649
364
58
38
0
0
0
0
0
0
0
0
0
0
0
23
103
338
587
768
903
988
997
922
797
654
423
186
0
0
0
0
0
0
0
0
0
0
0
10
171
407
657
848
979
1046
1043
976
844
648
426
200
0
0
0
0
0
0
0
0
0
0
0
12
195
419
664
856
989
1051
1043
986
844
663
436
203
5
0
0
0
0
0
0
0
0
0
0
12
185
431
663
847
978
1045
1043
966
827
643
416
190
1
0
0
0
0
0
0
0
0
0
0
10
155
389
645
832
961
1028
1025
966
832
643
429
199
15
0
0
0
0
0
0
0
0
0
0
12
163
403
644
827
950
1021
1025
966
846
648
442
206
15
0
0
0
0
0
0
0
0
0
0
15
221
445
676
859
987
1050
1048
971
842
663
443
211
16
0
0
0
0
0
0
0
0
0
0
14
223
465
690
835
944
1015
1008
950
810
635
420
200
16
0
0
0
0
0
0
0
0
0
0
9
154
397
617
820
965
1026
1031
961
824
646
424
201
17
0
0
0
0
0
0
0
0
0
0
15
197
453
691
852
975
1043
1042
977
839
658
441
212
17
0
0
0
0
0
0
0
0
0
0
9
183
428
674
843
985
1049
1054
983
844
655
435
208
17
0
0
0
0
0
0
0
0
0
0
2
175
410
651
833
969
1025
1042
962
840
645
431
208
20
0
0
0
0
0
0
0
0
0
0
10
161
395
640
837
957
1037
1048
967
836
649
432
207
21
0
0
0
0
0
0
0
0
0
0
7
157
387
632
827
973
1042
1042
978
836
650
436
211
20
0
0
0
0
0
0
0
0
0
0
10
164
391
635
831
993
1059
1053
984
859
662
444
213
22
0
0
0
0
0
0
0
0
0
0
11
180
397
638
839
977
1053
1059
984
851
662
447
218
22
0
0
0
0
0
0
0
0
0
0
8
174
406
637
829
977
1041
1053
984
851
663
443
217
23
0
0
0
0
0
0
0
0
0
0
8
161
396
632
829
960
1030
1042
984
843
649
427
206
22
0
0
0
0
0
0
0
0
0
0
10
160
390
624
809
933
972
1013
963
839
664
452
219
25
0
0
0
0
0
0
0
0
0
0
6
177
416
656
823
943
1023
1025
964
834
669
453
224
24
0
0
0
0
0
0
0
0
0
0
8
183
432
659
836
959
1029
1042
969
844
666
451
221
26
0
0
0
0
0
0
0
0
0
0
2
114
371
665
812
958
1023
1031
964
840
663
447
221
26
0
0
0
0
0
0
0
0
0
0
6
169
418
621
835
968
1057
1065
980
850
671
457
231
26
0
0
0
0
0
0
0
0
0
0
10
206
422
660
843
984
1056
1059
997
859
671
458
230
28
0
0
0
0
0
0
0
0
0
0
1
204
416
655
856
983
1056
1059
981
860
668
454
225
27
0
0
0
0
0
0
0
0
0
0
1
181
411
637
846
1004
1062
1059
992
851
672
449
225
29
0
0
0
0
0
0
0
0
0
0
7
181
414
671
845
982
1050
1031
949
842
662
447
222
28
0
0
0
0
0
0
0
0
0
0
0
174
381
613
819
953
1020
1018
954
835
639
309
189
28
0
0
0
0
0
0
0
0
0
0
0
177
380
615
819
948
1035
1039
159
840
660
443
216
26
0
0
0
0
0
0
0
0
0
0
0
172
381
611
805
948
1020
1024
964
844
657
441
216
26
0
0
0
0
0
0
0
0
0
0
0
172
378
603
805
947
1014
1029
949
836
647
448
214
26
0
0
0
0
0
0
0
0
0
0
0
178
407
648
833
961
1030
1044
964
854
657
451
218
28
0
0
0
0
0
0
0
0
0
0
0
181
393
618
808
951
1024
1034
965
854
664
449
222
28
0
0
0
0
0
0
0
0
0
0
0
199
430
630
811
946
1019
1024
960
842
665
447
222
27
0
0
0
0
0
0
0
0
0
0
0
189
416
651
806
950
1019
1039
980
854
675
458
223
27
0
0
0
0
0
0
0
0
0
0
0
189
400
628
814
945
1019
1024
955
846
669
454
223
27
0
0
0
0
0
0
0
0
0
0
0
195
420
643
813
935
1013
1013
951
829
669
445
225
27
0
0
0
0
0
0
0
0
0
0
0
185
419
656
837
968
1034
1034
980
838
675
449
224
26
0
0
0
0
0
0
0
0
0
0
0
174
403
616
816
954
1029
1040
971
843
669
449
223
26
0
0
0
0
0
0
0
0
0
0
0
182
394
615
803
929
1002
1019
966
834
649
438
210
24
0
0
0
0
0
0
0
0
0
0
0
139
355
604
798
938
1018
1024
966
826
656
433
214
25
0
0
0
0
0
0
0
0
0
0
0
163
377
610
814
957
1044
1029
971
826
659
435
220
24
0
0
0
0
0
0
0
0
0
0
0
170
372
609
814
957
1049
1045
981
843
666
444
219
16
0
0
0
0
0
0
0
0
0
0
0
155
367
608
801
947
1028
1035
981
839
659
442
216
20
0
0
0
0
0
0
0
0
0
0
0
169
376
607
771
947
1023
1040
971
860
659
432
213
22
0
0
0
0
0
0
0
0
0
0
0
177
395
622
820
951
1028
1040
991
843
672
448
221
22
0
0
0
0
0
0
0
0
0
0
0
182
404
615
803
941
1028
1024
976
826
665
433
215
19
0
0
0
0
0
0
0
0
0
0
0
101
354
636
815
941
1022
1019
966
830
658
440
215
20
0
0
0
0
0
0
0
0
0
0
0
163
392
638
789
941
1017
1029
966
843
664
448
215
19
0
0
0
0
0
0
0
0
0
0
0
169
401
645
810
940
1006
1013
951
821
650
436
215
19
0
0
0
0
0
0
0
0
0
0
0
146
380
630
813
940
1017
1013
946
825
643
435
210
18
0
0
0
0
0
0
0
0
0
0
0
140
366
626
804
949
1022
1024
806
794
639
435
221
19
0
0
0
0
0
0
0
0
0
0
0
107
306
575
771
910
985
997
675
271
237
137
159
17
0
0
0
0
0
0
0
0
0
0
0
15
334
587
783
934
1000
1013
950
824
641
424
198
15
0
0
0
0
0
0
0
0
0
0
0
137
355
602
799
939
1026
1023
955
823
647
432
206
13
0
0
0
0
0
0
0
0
0
0
0
138
364
605
802
943
1026
1023
965
836
640
435
203
11
0
0
0
0
0
0
0
0
0
0
0
149
385
613
806
953
1021
1033
955
835
639
434
202
9
0
0
0
0
0
0
0
0
0
0
0
147
382
615
809
966
1031
1044
969
839
648
433
202
0
0
0
0
0
0
0
0
0
0
0
0
167
397
626
810
943
1021
1017
943
821
641
435
206
0
0
0
0
0
0
0
0
0
0
0
0
160
385
602
803
937
1010
1011
953
832
644
425
206
0
0
0
0
0
0
0
0
0
0
0
0
154
386
611
807
967
1026
1033
958
841
653
428
200
0
0
0
0
0
0
0
0
0
0
0
0
144
358
564
772
916
981
982
931
817
617
385
161
0
0
0
0
0
0
0
0
0
0
0
0
125
349
557
767
920
1009
1021
956
830
641
411
183
0
0
0
0
0
0
0
0
0
0
0
0
137
368
579
793
951
1025
1032
961
833
646
421
191
0
0
0
0
0
0
0
0
0
0
0
0
154
384
602
792
955
1025
1037
976
846
655
428
194
0
0
0
0
0
0
0
0
0
0
0
0
150
379
601
779
945
1019
1031
959
827
104
413
194
0
0
0
0
0
0
0
0
0
0
0
0
142
368
584
787
934
1024
1036
969
839
645
422
188
0
0
0
0
0
0
0
0
0
0
0
0
136
365
590
782
934
1018
1030
968
838
640
416
183
0
0
0
0
0
0
0
0
0
0
0
0
133
362
586
790
923
1012
1018
952
810
625
409
176
0
0
0
0
0
0
0
0
0
0
0
0
135
365
585
785
928
1011
1023
961
826
637
407
179
0
0
0
0
0
0
0
0
0
0
0
0
134
368
591
785
933
1005
1022
950
816
631
405
170
0
0
0
0
0
0
0
0
0
0
0
0
123
344
561
771
911
994
999
922
787
609
392
168
0
0
0
0
0
0
0
0
0
0
0
0
122
348
573
775
926
1004
1015
942
808
621
400
167
0
0
0
0
0
0
0
0
0
0
0
0
131
361
589
783
941
1015
1025
951
807
622
398
167
0
0
0
0
0
0
0
0
0
0
0
0
142
380
601
800
925
1008
1008
929
787
613
391
162
0
0
0
0
0
0
0
0
0
0
0
0
141
380
603
799
935
1019
1012
949
817
621
397
165
0
0
0
0
0
0
0
0
0
0
0
0
132
374
599
803
934
1018
1017
958
815
619
395
161
0
0
0
0
0
0
0
0
0
0
0
0
128
365
595
802
929
1006
1005
920
782
603
383
156
0
0
0
0
0
0
0
0
0
0
0
0
119
352
592
801
968
1027
1026
960
811
614
387
154
0
0
0
0
0
0
0
0
0
0
0
0
113
353
591
801
963
1026
1030
963
813
615
382
151
0
0
0
0
0
0
0
0
0
0
0
0
125
362
587
796
947
1020
1001
936
798
609
379
145
0
0
0
0
0
0
0
0
0
0
0
0
124
358
596
791
941
1030
1038
960
817
616
384
145
0
0
0
0
0
0
0
0
0
0
0
0
121
355
585
794
930
1023
1021
958
815
610
379
140
0
0
0
0
0
0
0
0
0
0
0
0
113
346
568
772
924
1001
986
915
778
591
366
135
0
0
0
0
0
0
0
0
0
0
0
0
131
269
548
759
903
989
1001
929
789
595
363
132
0
0
0
0
0
0
0
0
0
0
0
0
110
198
269
616
907
965
983
917
747
592
356
125
0
0
0
0
0
0
0
0
0
0
0
0
11
279
528
740
891
975
960
894
754
573
350
125
0
0
0
0
0
0
0
0
0
0
0
0
24
304
530
731
900
974
986
918
773
583
353
121
0
0
0
0
0
0
0
0
0
0
0
0
71
277
523
747
894
984
979
906
766
576
350
118
0
0
0
0
0
0
0
0
0
0
0
0
130
374
607
810
951
1022
1028
946
814
600
367
128
0
0
0
0
0
0
0
0
0
0
0
0
128
366
597
796
935
1015
1009
944
802
597
358
122
0
0
0
0
0
0
0
0
0
0
0
0
128
367
596
791
934
1009
997
936
799
597
358
119
0
0
0
0
0
0
0
0
0
0
0
0
117
359
592
790
928
996
1000
934
796
590
356
116
0
0
0
0
0
0
0
0
0
0
0
0
109
346
581
776
911
989
982
906
781
577
346
113
0
0
0
0
0
0
0
0
0
0
0
0
108
347
587
788
930
1004
996
914
790
583
346
110
0
0
0
0
0
0
0
0
0
0
0
0
118
356
589
783
914
986
972
881
745
555
331
102
0
0
0
0
0
0
0
0
0
0
0
0
77
332
585
773
923
995
987
899
779
570
335
102
0
0
0
0
0
0
0
0
0
0
0
0
111
346
577
780
916
993
990
906
776
563
331
97
0
0
0
0
0
0
0
0
0
0
0
0
117
353
589
775
920
986
982
908
769
559
325
94
0
0
0
0
0
0
0
0
0
0
0
0
113
350
591
795
933
1000
985
905
765
555
320
88
0
0
0
0
0
0
0
0
0
0
0
0
111
343
574
764
897
966
967
882
741
536
307
85
0
0
0
0
0
0
0
0
0
0
0
0
101
306
544
737
900
970
969
889
750
542
308
73
0
0
0
0
0
0
0
0
0
0
0
0
96
324
569
749
894
973
978
896
755
541
306
77
0
0
0
0
0
0
0
0
0
0
0
0
98
334
568
768
907
971
975
893
743
537
300
72
0
0
0
0
0
0
0
0
0
0
0
0
108
345
576
775
910
979
967
890
739
541
301
72
0
0
0
0
0
0
0
0
0
0
0
0
104
340
571
761
893
961
938
852
715
523
293
67
0
0
0
0
0
0
0
0
0
0
0
0
105
337
573
772
916
975
967
888
740
533
297
64
0
0
0
0
0
0
0
0
0
0
0
0
105
343
572
766
900
967
953
865
724
509
285
61
0
0
0
0
0
0
0
0
0
0
0
0
85
261
172
601
898
954
950
867
696
511
287
58
0
0
0
0
0
0
0
0
0
0
0
0
96
197
435
633
624
623
512
557
689
495
277
51
0
0
0
0
0
0
0
0
0
0
0
0
87
311
543
736
874
938
924
841
689
494
267
54
0
0
0
0
0
0
0
0
0
0
0
0
89
317
560
756
891
957
952
866
712
504
233
46
0
0
0
0
0
0
0
0
0
0
0
0
82
314
555
758
894
965
944
862
697
497
263
43
0
0
0
0
0
0
0
0
0
0
0
0
86
309
544
727
877
936
935
845
697
495
259
41
0
0
0
0
0
0
0
0
0
0
0
0
87
304
540
758
894
959
952
855
696
491
260
37
0
0
0
0
0
0
0
0
0
0
0
0
77
307
547
740
867
920
913
823
666
473
248
34
0
0
0
0
0
0
0
0
0
0
0
0
80
298
536
742
870
933
930
843
677
480
243
31
0
0
0
0
0
0
0
0
0
0
0
0
77
291
525
727
867
935
927
839
669
475
235
27
0
0
0
0
0
0
0
0
0
0
0
0
87
318
551
745
874
932
919
835
654
469
235
26
0
0
0
0
0
0
0
0
0
0
0
0
97
330
561
762
893
957
947
852
655
475
243
3
0
0
0
0
0
0
0
0
0
0
0
0
90
338
559
744
873
935
939
788
616
473
229
2
0
0
0
0
0
0
0
0
0
0
0
0
79
101
540
704
879
941
912
810
556
464
225
2
0
0
0
0
0
0
0
0
0
0
0
0
75
299
524
717
854
909
847
815
646
455
227
2
0
0
0
0
0
0
0
0
0
0
0
0
81
290
513
714
842
911
900
815
649
449
224
0
0
0
0
0
0
0
0
0
0
0
0
0
86
310
540
727
866
926
906
815
655
454
224
0
0
0
0
0
0
0
0
0
0
0
0
0
90
310
540
725
863
918
902
807
651
452
220
0
0
0
0
0
0
0
0
0
0
0
0
0
88
316
543
729
856
924
903
815
657
447
216
0
0
0
0
0
0
0
0
0
0
0
0
0
85
314
527
723
857
912
881
790
629
436
209
0
0
0
0
0
0
0
0
0
0
0
0
0
86
318
552
735
871
922
900
823
645
437
207
0
0
0
0
0
0
0
0
0
0
0
0
0
85
318
542
732
855
914
896
807
644
432
205
0
0
0
0
0
0
0
0
0
0
0
0
0
76
300
523
718
852
906
887
791
633
428
194
0
0
0
0
0
0
0
0
0
0
0
0
0
68
285
515
715
848
907
884
783
632
420
192
0
0
0
0
0
0
0
0
0
0
0
0
0
73
277
496
679
815
875
857
770
608
405
182
0
0
0
0
0
0
0
0
0
0
0
0
0
59
220
486
655
825
890
871
778
627
411
182
0
0
0
0
0
0
0
0
0
0
0
0
0
60
253
491
688
800
868
854
778
619
405
182
0
0
0
0
0
0
0
0
0
0
0
0
0
35
262
499
703
835
887
872
774
618
403
176
0
0
0
0
0
0
0
0
0
0
0
0
0
65
240
454
664
814
888
864
754
605
211
64
0
0
0
0
0
0
0
0
0
0
0
0
0
60
281
510
701
832
889
873
781
625
404
157
0
0
0
0
0
0
0
0
0
0
0
0
0
64
281
504
626
774
885
869
766
609
402
170
0
0
0
0
0
0
0
0
0
0
0
0
0
58
275
496
687
816
872
856
773
617
402
168
0
0
0
0
0
0
0
0
0
0
0
0
0
56
277
498
684
817
868
861
757
613
394
164
0
0
0
0
0
0
0
0
0
0
0
0
0
60
286
508
694
805
869
848
746
588
378
154
0
0
0
0
0
0
0
0
0
0
0
0
0
54
275
500
677
814
860
840
749
596
388
158
0
0
0
0
0
0
0
0
0
0
0
0
0
51
267
495
677
806
852
823
661
444
279
23
0
0
0
0
0
0
0
0
0
0
0
0
0
51
273
494
674
806
853
832
741
594
383
150
0
0
0
0
0
0
0
0
0
0
0
0
0
48
268
488
667
798
849
832
737
584
372
144
0
0
0
0
0
0
0
0
0
0
0
0
0
49
271
492
673
799
840
828
722
574
367
142
0
0
0
0
0
0
0
0
0
0
0
0
0
49
266
492
676
803
854
820
729
574
363
138
0
0
0
0
0
0
0
0
0
0
0
0
0
46
269
486
663
787
841
820
707
558
356
134
0
0
0
0
0
0
0
0
0
0
0
0
0
45
261
478
656
779
824
804
718
563
353
131
0
0
0
0
0
0
0
0
0
0
0
0
0
0
173
408
608
745
832
818
754
619
433
219
0
0
0
0
0
0
0
0
0
0
0
0
0
0
184
412
611
741
837
833
768
616
447
215
0
0
0
0
0
0
0
0
0
0
0
0
0
0
180
408
597
762
824
820
734
630
425
211
0
0
0
0
0
0
0
0
0
0
0
0
0
0
176
403
600
742
825
807
739
609
419
200
0
0
0
0
0
0
0
0
0
0
0
0
0
0
173
406
603
754
821
817
736
602
426
205
0
0
0
0
0
0
0
0
0
0
0
0
0
0
169
387
593
734
808
840
740
616
421
193
0
0
0
0
0
0
0
0
0
0
0
0
0
0
173
391
589
710
804
836
745
619
427
198
0
0
0
0
0
0
0
0
0
0
0
0
0
0
169
396
582
730
800
815
742
616
413
202
0
0
0
0
0
0
0
0
0
0
0
0
0
0
159
390
579
719
792
815
755
613
428
192
0
0
0
0
0
0
0
0
0
0
0
0
0
0
168
379
581
731
806
829
774
632
432
197
0
0
0
0
0
0
0
0
0
0
0
0
0
0
164
375
571
719
776
791
736
604
403
186
0
0
0
0
0
0
0
0
0
0
0
0
0
0
154
386
580
731
799
813
756
591
409
168
0
0
0
0
0
0
0
0
0
0
0
0
0
0
62
282
536
727
769
660
419
437
371
198
0
0
0
0
0
0
0
0
0
0
0
0
0
0
154
385
590
727
813
831
742
602
424
187
0
0
0
0
0
0
0
0
0
0
0
0
0
0
136
366
551
685
736
764
711
573
401
185
0
0
0
0
0
0
0
0
0
0
0
0
0
0
146
346
557
677
772
752
681
561
256
193
0
0
0
0
0
0
0
0
0
0
0
0
0
0
143
365
559
701
777
792
722
585
394
181
0
0
0
0
0
0
0
0
0
0
0
0
0
0
139
367
570
726
782
806
711
589
401
178
0
0
0
0
0
0
0
0
0
0
0
0
0
0
95
296
534
716
787
756
704
587
397
161
0
0
0
0
0
0
0
0
0
0
0
0
0
0
132
360
545
694
787
787
729
584
396
176
0
0
0
0
0
0
0
0
0
0
0
0
0
0
121
348
536
668
751
784
680
573
385
174
0
0
0
0
0
0
0
0
0
0
0
0
0
0
112
344
530
687
781
711.95
712
434
375
127
0
0
0
0
0
0
0
0
0
0
0
0
0
0
115
334
526
665
769
770
710
550
389
179
0
0
0
0
0
0
0
0
0
0
0
0
0
0
118
321
514
670
750
768
692
574
388
170
0
0
0
0
0
0
0
0
0
0
0
0
0
0
108
325
517
666
755
752
705
572
387
170
0
0
0
0
0
0
0
0
0
0
0
0
0
0
110
320
514
656
760
750
703
570
386
168
0
0
0
0
0
0
0
0
0
0
0
0
0
0
101
317
510
649
729
739
675
550
368
168
0
0
0
0
0
0
0
0
0
0
0
0
0
0
110
329
459
492
632
745
696
574
392
175
0
0
0
0
0
0
0
0
0
0
0
0
0
0
107
326
527
669
740
759
705
581
397
174
0
0
0
0
0
0
0
0
0
0
0
0
0
0
104
322
527
680
757
761
721
584
401
181
0
0
0
0
0
0
0
0
0
0
0
0
0
0
101
330
515
670
755
759
698
567
378
174
0
0
0
0
0
0
0
0
0
0
0
0
0
0
97
314
496
657
720
741
686
548
378
174
0
0
0
0
0
0
0
0
0
0
0
0
0
0
100
318
523
654
742
755
703
563
386
167
0
0
0
0
0
0
0
0
0
0
0
0
0
0
68
321
352
548
446
459
307
410
352
167
0
0
0
0
0
0
0
0
0
0
0
0
0
0
83
297
488
656
722
752
674
512
369
175
0
0
0
0
0
0
0
0
0
0
0
0
0
0
86
293
491
636
728
750
681
561
369
168
0
0
0
0
0
0
0
0
0
0
0
0
0
0
77
290
480
634
718
720
672
542
360
168
0
0
0
0
0
0
0
0
0
0
0
0
0
0
80
271
469
614
704
711
660
542
369
161
0
0
0
0
0
0
0
0
0
0
0
0
0
0
89
227
429
629
694
661
693
541
369
177
0
0
0
0
0
0
0
0
0
0
0
0
0
0
69
273
465
610
709
717
667
501
196
141
0
0
0
0
0
0
0
0
0
0
0
0
0
0
72
277
478
625
707
732
685
569
395
179
0
0
0
0
0
0
0
0
0
0
0
0
0
0
41
132
436
582
461
682
658
458
338
135
0
0
0
0
0
0
0
0
0
0
0
0
0
0
62
215
442
611
543
396
504
483
174
114
0
0
0
0
0
0
0
0
0
0
0
0
0
0
53
241
446
475
711
730
677
551
391
183
0
0
0
0
0
0
0
0
0
0
0
0
0
0
46
181
238
313
334
697
684
502
375
177
0
0
0
0
0
0
0
0
0
0
0
0
0
0
60
250
463
620
693
660
650
401
277
80
0
0
0
0
0
0
0
0
0
0
0
0
0
0
64
276
477
636
716
736
677
538
377
180
0
0
0
0
0
0
0
0
0
0
0
0
0
0
56
268
483
624
715
712
692
554
395
167
0
0
0
0
0
0
0
0
0
0
0
0
0
0
65
279
481
623
730
755
692
573
390
192
0
0
0
0
0
0
0
0
0
0
0
0
0
0
58
276
480
644
737
759
693
574
400
186
0
0
0
0
0
0
0
0
0
0
0
0
0
0
51
261
463
614
729
736
686
516
401
196
0
0
0
0
0
0
0
0
0
0
0
0
0
0
7
69
107
312
483
519
518
399
253
106
0
0
0
0
0
0
0
0
0
0
0
0
0
0
52
129
285
453
483
559
552
462
330
170
0
0
0
0
0
0
0
0
0
0
0
0
0
0
51
263
429
588
670
689
640
504
349
172
0
0
0
0
0
0
0
0
0
0
0
0
0
0
60
275
459
612
533
544
494
524
302
160
0
0
0
0
0
0
0
0
0
0
0
0
0
0
53
260
458
601
694
730
669
482
370
186
0
0
0
0
0
0
0
0
0
0
0
0
0
0
52
258
454
611
662
573
522
452
341
180
0
0
0
0
0
0
0
0
0
0
0
0
0
0
45
249
446
594
682
724
664
532
367
183
0
0
0
0
0
0
0
0
0
0
0
0
0
0
34
241
430
587
683
717
665
534
372
194
0
0
0
0
0
0
0
0
0
0
0
0
0
0
43
248
437
594
683
710
647
536
374
189
0
0
0
0
0
0
0
0
0
0
0
0
0
0
22
304.45
433
607.4
699
722
563
526
360
88
0
0
0
0
0
0
0
0
0
