21.9
21.59
21.28
20.97
20.66
20.36
20.05
19.74
24.28
24.32
24.35
24.39
23.71
23.02
22.33
21.84
21.35
20.86
20.03
19.2
18.37
18.3
18.22
18.14
18.27
18.41
18.54
19.18
19.82
20.46
22.17
23.88
25.6
25.57
25.55
25.52
24.7
23.87
23.04
22.46
21.87
21.28
21.05
20.82
20.59
21
21.41
21.81
21.64
21.47
21.3
20.5
19.7
18.91
21.07
23.23
25.39
25.72
26.06
26.39
25.9
25.41
24.92
24.25
23.57
22.89
22.01
21.14
20.26
20.89
21.52
22.15
21.12
20.1
19.07
19.99
20.92
21.85
23.2
24.55
25.91
25.94
25.96
25.99
25.48
24.97
24.46
24.09
23.71
23.33
22.7
22.07
21.43
21.05
20.67
20.29
19.87
19.46
19.04
19.88
20.72
21.57
22.92
24.27
25.63
25.71
25.79
25.87
25.5
25.13
24.76
24.4
24.04
23.68
22.86
22.05
21.23
20.82
20.41
19.99
19.62
19.26
18.89
19.8
20.72
21.64
23.24
24.85
26.46
26.6
26.73
26.87
26.35
25.83
25.31
24.98
24.65
24.32
23.58
22.84
22.1
21.63
21.16
20.69
20.76
20.84
20.91
21.85
22.8
23.75
25.17
26.59
28.02
27.87
27.71
27.56
26.46
25.36
24.26
23.63
23
22.37
21.59
20.82
20.04
19.85
19.65
19.45
19.77
20.09
20.41
21.48
22.55
23.63
24.9
26.17
27.45
27.15
26.86
26.56
25.53
24.5
23.46
22.99
22.51
22.03
21.24
20.46
19.67
19.41
19.15
18.88
18.79
18.7
18.61
19.93
21.26
22.59
24.15
25.71
27.27
27.1
26.93
26.76
25.63
24.49
23.35
22.61
21.87
21.12
20.37
19.62
18.86
19.76
20.66
21.55
21.11
20.67
20.23
20.01
19.79
19.58
22.29
25
27.71
27.84
27.96
28.09
27.07
26.05
25.02
23.9
22.78
21.66
21.2
20.74
20.27
20.98
21.68
22.38
21.22
20.06
18.9
19.08
19.26
19.45
22.05
24.65
27.25
27.49
27.74
27.98
27.11
26.24
25.36
24.28
23.2
22.12
21.89
21.66
21.43
21.59
21.74
21.89
21.68
21.48
21.27
20.78
20.29
19.81
22.07
24.34
26.61
27.12
27.63
28.14
27.02
25.9
24.77
24.1
23.43
22.76
22.2
21.64
21.08
20.68
20.27
19.86
19.51
19.16
18.81
19.72
20.63
21.54
23.29
25.04
26.8
27.39
27.99
28.58
28.27
27.96
27.65
27.13
26.6
26.07
25.18
24.29
23.39
22.88
22.36
21.84
21.64
21.43
21.23
21.85
22.47
23.09
24.16
25.23
26.31
26.59
26.88
27.16
26.58
25.99
25.4
24.95
24.49
24.03
23.82
23.61
23.39
23.29
23.19
23.09
23.37
23.65
23.93
24.27
24.61
24.95
25.18
25.41
25.64
25.6
25.57
25.53
24.96
24.38
23.8
23.68
23.56
23.43
23.26
23.1
22.93
22.91
22.88
22.85
22.5
22.14
21.79
22.65
23.51
24.38
25
25.63
26.26
26.45
26.65
26.84
26.29
25.73
25.17
24.83
24.49
24.14
24.03
23.92
23.81
23.96
24.11
24.26
24.09
23.91
23.74
24.35
24.97
25.59
26.32
27.05
27.79
28.04
28.29
28.54
28.19
27.84
27.49
27.06
26.63
26.2
25.98
25.76
25.54
25.51
25.47
25.43
25.42
25.4
25.39
25.57
25.75
25.93
26.14
26.35
26.56
26.42
26.28
26.14
24.69
23.24
21.78
21.11
20.43
19.75
18.97
18.19
17.4
16.6
15.8
15
14.82
14.64
14.46
15.11
15.76
16.42
17.89
19.36
20.83
21.22
21.62
22.01
21.76
21.51
21.25
20.62
19.98
19.34
18.59
17.84
17.09
16.47
15.85
15.22
15.22
15.23
15.23
15.95
16.67
17.4
18.7
20
21.31
21.56
21.8
22.05
21.79
21.52
21.25
20.72
20.18
19.64
18.93
18.22
17.5
16.91
16.31
15.71
15.56
15.41
15.26
16.28
17.3
18.33
19.66
21
22.34
22.37
22.4
22.43
22.15
21.87
21.59
21.25
20.91
20.57
19.8
19.04
18.27
17.61
16.95
16.29
16.14
15.99
15.84
16.71
17.59
18.47
19.75
21.03
22.32
22.58
22.85
23.11
22.67
22.23
21.79
21.17
20.54
19.91
19.94
19.97
20
19.61
19.22
18.83
17.38
15.93
14.48
15.49
16.5
17.51
19.41
21.32
23.23
23.56
23.9
24.23
23.72
23.21
22.69
21.87
21.05
20.22
20.38
20.54
20.69
20.68
20.66
20.64
18.77
16.9
15.03
16.03
17.04
18.05
19.91
21.77
23.63
23.8
23.98
24.15
23.81
23.47
23.12
22.42
21.71
21
21.02
21.04
21.06
19.97
18.88
17.79
17.34
16.88
16.43
17.3
18.17
19.05
20.16
21.28
22.4
22.52
22.64
22.76
22.34
21.92
21.5
20.9
20.3
19.69
19.03
18.38
17.72
17.13
16.54
15.94
15.59
15.24
14.89
15.78
16.67
17.56
18.65
19.75
20.85
21.12
21.38
21.65
21.05
20.44
19.83
19.43
19.03
18.62
18.01
17.41
16.8
16.22
15.64
15.06
14.52
13.98
13.44
14.63
15.82
17.02
18.88
20.75
22.62
23.2
23.78
24.36
23.63
22.9
22.16
21.59
21.01
20.43
20.47
20.52
20.56
20.91
21.25
21.59
20.75
19.91
19.07
19.2
19.33
19.46
21.41
23.36
25.31
25.9
26.5
27.09
26.75
26.4
26.05
25.36
24.67
23.97
23.51
23.05
22.58
22.8
23.02
23.23
22.89
22.56
22.22
22.09
21.96
21.83
23.58
25.34
27.1
27.48
27.87
28.25
27.39
26.53
25.66
24.8
23.94
23.08
22.34
21.61
20.87
20.63
20.39
20.14
20.01
19.89
19.76
20.56
21.36
22.17
24.04
25.92
27.8
28.53
29.27
30
29.38
28.76
28.13
27.48
26.82
26.16
25.51
24.86
24.21
23.89
23.57
23.25
22.72
22.2
21.67
22.61
23.55
24.5
26.53
28.56
30.59
31.35
32.12
32.88
32.63
32.38
32.12
31.46
31.36
30.07
28.77
27.48
26.18
24.89
23.59
22.3
21
19.71
18.42
17.12
15.83
14.53
13.24
11.94
17.35
17.57
17.8
18.02
17.96
17.89
17.82
17.6
17.38
17.16
16.93
16.69
16.45
16.19
15.94
15.68
15.64
15.6
15.56
15.92
16.28
16.64
17.3
17.95
18.61
18.78
18.95
19.12
18.78
18.43
18.08
17.67
17.26
16.85
16.48
16.1
15.73
15.4
15.06
14.73
14.84
14.96
15.07
16.27
17.48
18.69
19.8
20.91
22.02
21.9
21.78
21.65
20.77
19.88
18.99
18.63
18.28
17.92
17.66
17.39
17.13
17.15
17.18
17.2
17.47
17.75
18.02
19.27
20.53
21.79
22.94
24.08
25.23
24.94
24.66
24.37
23.62
22.86
22.1
21.5
20.9
20.29
19.87
19.45
19.03
19.78
20.53
21.28
21.29
21.29
21.3
21.63
21.97
22.3
23.97
25.63
27.3
27.26
27.22
27.17
26.63
26.08
25.54
24.96
24.38
23.79
23.73
23.66
23.6
23.62
23.63
23.65
23.31
22.97
22.63
23.28
23.94
24.59
25.74
26.88
28.03
27.73
27.44
27.14
26.29
25.43
24.58
23.89
23.2
22.51
21.81
21.1
20.4
19.73
19.05
18.38
18.26
18.14
18.02
18.4
18.79
19.18
20.06
20.95
21.83
21.95
22.07
22.18
21.99
21.8
21.61
21.16
20.71
20.25
19.7
19.15
18.6
18.31
18.02
17.73
18.4
19.06
19.73
20.1
20.47
20.84
22.11
23.39
24.66
24.89
25.13
25.36
24.79
24.21
23.64
23.14
22.64
22.14
21.76
21.37
20.98
20.66
20.35
20.03
19.96
19.89
19.82
20.53
21.25
21.97
22.86
23.75
24.64
24.54
24.44
24.33
23.73
23.12
22.52
22.03
21.54
21.04
20.43
19.82
19.21
19.21
19.2
19.2
18.66
18.11
17.57
18.52
19.47
20.42
21.85
23.27
24.7
24.98
25.26
25.54
25.1
24.66
24.22
23.63
23.04
22.44
21.65
20.85
20.05
20.45
20.85
21.25
20
18.74
17.49
18.36
19.24
20.12
21.42
22.73
24.03
24.24
24.45
24.65
24.17
23.69
23.21
22.69
22.17
21.64
21.27
20.89
20.51
20.12
19.72
19.33
18.99
18.66
18.32
18.77
19.22
19.67
20.51
21.34
22.18
22.3
22.43
22.55
22.21
21.87
21.53
21.01
20.49
19.96
19.27
18.57
17.87
17.23
16.58
15.94
15.57
15.19
14.82
15.92
17.03
18.13
19.78
21.44
23.09
23.41
23.73
24.04
23.46
22.87
22.29
21.52
20.75
19.98
19.96
19.93
19.91
20.2
20.48
20.77
19.85
18.93
18.01
18.65
19.29
19.93
21.91
23.89
25.87
26.07
26.27
26.46
26.1
25.73
25.37
24.57
23.77
22.96
22.43
21.89
21.35
21.71
22.06
22.42
22.31
22.2
22.09
21.87
21.66
21.44
23.27
25.09
26.92
26.95
26.98
27
26.37
25.73
25.09
24.36
23.64
22.91
22.46
22.01
21.56
21.13
20.71
20.28
19.88
19.48
19.08
19.45
19.83
20.21
21.14
22.06
22.99
23.19
23.39
23.58
23.18
22.78
22.38
21.88
21.38
20.88
20.38
19.87
19.36
18.84
18.32
17.8
17.44
17.07
16.71
17.52
18.34
19.16
20.46
21.77
23.07
23.36
23.65
23.94
23.43
22.91
22.4
21.94
21.48
21.02
20.44
19.85
19.26
18.65
18.03
17.42
17.13
16.85
16.56
17.44
18.32
19.2
20.46
21.73
22.99
23.34
23.69
24.04
23.79
23.53
23.27
22.77
22.27
21.76
21.23
20.69
20.15
19.56
18.98
18.39
17.97
17.56
17.14
17.91
18.68
19.45
20.42
21.39
22.36
22.66
22.97
23.27
22.88
22.48
22.08
21.56
21.05
20.53
19.88
19.22
18.56
17.91
17.26
16.61
16.3
15.99
15.68
16.77
17.87
18.96
20.22
21.48
22.74
23
23.26
23.52
23
22.48
21.96
21.41
20.87
20.32
19.5
18.67
17.84
17.4
16.96
16.52
16.01
15.49
14.98
16.37
17.77
19.16
20.83
22.51
24.18
24.51
24.84
25.17
24.57
23.97
23.37
22.38
21.39
20.39
20.23
20.06
19.89
19.48
19.06
18.65
18.02
17.39
16.76
17.76
18.77
19.77
22.15
24.52
26.9
27.11
27.32
27.53
27.34
27.15
26.96
26.19
25.42
24.64
24.75
24.85
24.96
23.74
22.52
21.3
21.16
21.02
20.88
21.78
22.68
23.58
24.64
25.69
26.75
26.72
26.7
26.67
25.98
25.28
24.58
23.85
23.12
22.38
21.71
21.03
20.36
19.8
19.23
18.67
18.62
18.57
18.52
19.63
20.75
21.87
22.75
23.62
24.5
24.47
24.44
24.4
23.53
22.65
21.77
21.06
20.35
19.63
18.97
18.3
17.64
17.21
16.77
16.34
16.71
17.09
17.46
19.18
20.9
22.62
24.29
25.95
27.62
27.39
27.16
26.92
26.06
25.2
24.34
23.53
22.72
21.91
21.44
20.97
20.5
20.23
19.95
19.68
19.56
19.44
19.32
20.95
22.59
24.23
26.03
27.82
29.62
29.58
29.55
29.51
28.46
27.41
26.36
25.77
25.19
24.6
24.29
23.98
23.67
23.33
22.98
22.64
22.38
22.12
21.86
22.93
24.01
25.09
26.29
27.5
28.7
28.92
29.14
29.35
28.75
28.15
27.55
26.96
26.37
25.78
25.41
25.04
24.67
24.25
23.82
23.4
22.89
22.39
21.88
22.83
23.79
24.75
25.98
27.2
28.43
28.28
28.13
27.98
27.24
26.49
25.75
25.03
22.78
22.59
22.41
22.22
22.04
21.85
21.66
21.48
21.29
21.11
20.92
20.73
20.55
20.36
20.18
19.99
25.45
25.77
26.09
26.41
25.87
25.32
24.78
23.55
22.32
21.1
20.74
20.38
20.03
19.7
19.36
19.03
18.78
18.54
18.29
19.02
19.76
20.49
23.45
26.4
29.36
29.82
30.28
30.74
30.28
29.82
29.36
28.42
27.48
26.55
26.04
25.53
25.03
24.48
23.92
23.37
23.82
24.27
24.72
25.35
25.97
26.6
27.33
28.06
28.79
28.34
27.9
27.45
26.67
25.89
25.12
24.44
23.77
23.1
22.46
21.83
21.2
20.59
19.97
19.36
19.04
18.73
18.41
19.41
20.41
21.41
22.33
23.26
24.18
24.31
24.44
24.57
24.1
23.63
23.17
22.52
21.88
21.24
21.17
21.1
21.03
21.24
21.46
21.67
21.19
20.7
20.22
20.4
20.58
20.76
22.47
24.18
25.89
26.11
26.34
26.56
25.98
25.4
24.83
23.85
22.87
21.89
21.67
21.45
21.23
21.52
21.81
22.1
21.97
21.83
21.7
21.78
21.86
21.94
23.95
25.97
27.98
28.1
28.23
28.35
27.72
27.08
26.45
25.51
24.58
23.65
23.13
22.62
22.11
22.12
22.12
22.13
22.41
22.69
22.97
23.43
23.88
24.34
26.06
27.79
29.51
29.58
29.66
29.73
28.95
28.16
27.38
26.37
25.37
24.37
23.99
23.61
23.23
23.02
22.82
22.61
22.59
22.57
22.55
23.6
24.64
25.69
27.3
28.92
30.53
30.61
30.7
30.78
30.06
29.34
28.63
27.58
26.53
25.48
25.25
25.02
24.8
24.76
24.72
24.68
24.34
23.99
23.65
24.33
25.02
25.7
26.43
27.15
27.88
27.43
26.99
26.54
25.83
25.11
24.4
23.9
23.4
22.91
22.87
22.83
22.8
22.66
22.53
22.39
22.13
21.86
21.6
21.87
22.13
22.4
23.15
23.89
24.64
24.66
24.68
24.7
24.26
23.82
23.39
23.02
22.65
22.28
21.98
21.68
21.39
21.03
20.67
20.31
19.8
19.29
18.78
18.99
19.2
19.41
20.25
21.08
21.92
22.06
22.2
22.34
21.95
21.55
21.16
20.76
20.37
19.98
19.6
19.22
18.85
18.37
17.88
17.4
16.91
16.41
15.92
16.91
17.91
18.9
20.09
21.28
22.47
22.81
23.14
23.48
23.14
22.8
22.46
21.93
21.41
20.89
20.33
19.78
19.23
18.66
18.09
17.52
16.95
16.37
15.8
17.11
18.43
19.74
20.77
21.81
22.84
23.11
23.37
23.64
23.24
22.83
22.43
21.91
21.4
20.89
20.26
19.63
19
18.49
17.99
17.48
17.18
16.88
16.58
17.93
19.28
20.63
21.69
22.76
23.82
24.07
24.32
24.57
23.99
23.41
22.83
22.29
21.76
21.23
20.8
20.38
19.96
19.73
19.49
19.26
19.09
18.91
18.74
19.34
19.94
20.54
21.54
22.53
23.53
23.72
23.91
24.1
23.63
23.16
22.7
22.19
21.69
21.19
20.55
19.91
19.27
18.76
18.24
17.73
17.36
17
16.63
17.97
19.32
20.66
21.76
22.85
23.95
24.01
24.07
24.13
23.78
23.42
23.07
22.58
22.1
21.62
21.49
21.36
21.23
20.2
19.16
18.13
17.79
17.45
17.11
18.55
20
21.44
22.66
23.88
25.1
25.1
25.11
25.11
24.76
24.4
24.05
23.47
22.89
22.31
21.68
21.05
20.42
19.96
19.49
19.03
18.6
18.18
17.75
19.24
20.74
22.23
23.15
24.06
24.98
24.75
24.51
24.28
23.51
22.74
21.97
21.39
20.82
20.25
19.57
18.9
18.23
18.28
18.32
18.37
17.82
17.28
16.73
18.44
20.15
21.86
23.07
24.27
25.48
25.2
24.91
24.63
24.07
23.51
22.95
22.33
21.72
21.11
21.02
20.93
20.84
20.76
20.68
20.6
19.25
17.89
16.54
18.46
20.39
22.31
23.71
25.11
26.51
26.49
26.48
26.46
25.96
25.46
24.96
24.01
23.07
22.13
21.86
21.6
21.34
21.58
21.81
22.05
20.58
19.12
17.65
19.29
20.94
22.58
23.9
25.21
26.53
26.53
26.54
26.54
26.04
25.53
25.03
24.24
23.45
22.67
22.09
21.51
20.94
21.03
21.11
21.2
20.32
19.44
18.56
20.52
22.48
24.44
25.56
26.69
27.81
27.59
27.38
27.16
26.35
25.53
24.72
24.05
23.38
22.72
22.04
21.36
20.68
20.07
19.47
18.86
18.64
18.41
18.19
19.75
21.3
22.86
23.51
24.16
24.81
24.69
24.56
24.44
23.97
23.49
23.02
22.38
21.74
21.1
20.4
19.7
19.01
18.48
17.94
17.41
17.12
16.83
16.54
18.16
19.78
21.4
22.55
23.71
24.86
24.9
24.95
24.99
24.35
23.71
23.08
22.36
21.64
20.92
20.24
19.56
18.89
18.46
18.04
17.61
17.08
16.54
16.01
17.95
19.88
21.82
23.06
24.3
25.54
25.61
25.67
25.74
25.39
25.04
24.7
23.92
23.14
22.37
22.23
22.09
21.96
21.73
21.49
21.26
20.35
19.43
18.52
20.01
21.5
22.99
24.28
25.56
26.85
26.76
26.68
26.59
25.99
25.39
24.79
23.94
23.1
22.26
22.16
22.06
21.96
21.86
21.77
21.67
20.5
19.33
18.16
20.04
21.92
23.8
25.1
26.41
27.71
27.52
27.34
27.15
26.35
25.55
24.76
23.65
22.55
21.45
21.63
21.81
22
21.95
21.9
21.85
21.38
20.91
20.44
21.58
22.71
23.85
25.64
27.43
29.22
28.98
28.73
28.49
27.7
26.91
26.12
24.96
23.81
22.66
22.23
21.8
21.37
21.34
21.3
21.27
21.15
21.02
20.9
22.12
23.35
24.57
26.25
27.94
29.62
29.45
29.29
29.12
28.6
28.08
27.56
26.52
25.49
24.46
23.55
22.65
21.75
21.81
21.86
21.92
22.34
22.76
23.18
23.79
24.41
25.02
26.6
28.18
29.76
29.72
29.67
29.63
29.06
28.49
27.93
26.86
25.79
24.73
24.11
23.49
22.88
23.29
23.7
24.11
23.09
22.07
21.06
22.67
24.29
25.91
27.48
29.04
30.61
30.26
29.91
29.56
28.78
28
27.22
26.2
22.67
22.87
23.08
23.28
23.49
23.69
23.9
24.1
24.31
24.52
24.72
24.93
25.13
25.34
25.54
25.75
31.04
30.67
30.3
29.93
28.79
27.66
26.52
25.48
24.43
23.39
22.78
22.17
21.55
20.95
20.35
19.74
19.44
19.14
18.85
20.19
21.53
22.87
23.56
24.24
24.93
24.86
24.8
24.73
23.99
23.25
22.51
21.87
21.22
20.58
20.04
19.5
18.96
19.39
19.82
20.24
19.22
18.2
17.18
18.8
20.43
22.05
23.12
24.18
25.25
25.21
25.17
25.13
24.57
24.02
23.46
22.97
22.47
21.98
21.24
20.51
19.77
20.32
20.87
21.41
20.13
18.85
17.58
19.2
20.83
22.45
23.41
24.36
25.32
25.26
25.2
25.14
24.6
24.06
23.52
22.7
21.87
21.05
20.87
20.69
20.51
20.84
21.17
21.49
21.74
21.99
22.24
22.87
23.51
24.15
25.69
27.22
28.76
28.62
28.47
28.33
27.49
26.64
25.8
25.03
24.25
23.48
23.87
24.26
24.65
24.69
24.73
24.77
24.44
24.11
23.79
24.78
25.78
26.77
28.6
30.43
32.26
31.85
31.43
31.02
29.89
28.76
27.63
26.68
25.72
24.77
24.26
23.75
23.23
23.49
23.74
23.99
24.43
24.87
25.32
26.44
27.57
28.7
30.32
31.94
33.56
33.36
33.17
32.97
32.35
31.73
31.11
30.35
29.59
28.83
28.29
27.76
27.22
26.72
26.21
25.7
25.93
26.16
26.39
27.67
28.96
30.24
31.15
32.06
32.97
32.35
31.74
31.12
29.97
28.83
27.68
26.55
25.42
24.29
24.08
23.87
23.65
23.32
22.99
22.65
22.41
22.17
21.93
23.59
25.26
26.92
28.06
29.21
30.35
29.87
29.38
28.9
28
27.1
26.2
25.27
24.34
23.41
22.95
22.49
22.02
21.75
21.48
21.21
20.91
20.61
20.31
21.5
22.7
23.89
24.73
25.58
26.42
26.47
26.52
26.57
26
25.44
24.87
24.31
23.76
23.2
22.76
22.32
21.88
21.48
21.08
20.68
20.42
20.16
19.91
20.52
21.14
21.76
22.1
22.44
22.78
22.59
22.4
22.21
21.86
21.51
21.16
20.99
20.81
20.64
20.17
19.7
19.23
18.85
18.46
18.07
17.86
17.65
17.45
18.64
19.84
21.04
21.58
22.11
22.65
22.52
22.4
22.27
22.06
21.86
21.65
21.52
21.4
21.27
21.11
20.95
20.78
20
19.22
18.44
18.01
17.57
17.14
18.96
20.78
22.6
23.21
23.82
24.43
24.29
24.16
24.02
23.62
23.23
22.83
22.43
22.02
21.62
21.22
20.82
20.42
19.89
19.36
18.82
18.33
17.84
17.36
18.28
19.21
20.13
20.63
21.13
21.63
21.67
21.71
21.75
21.7
21.65
21.6
21.44
21.28
21.12
20.46
19.8
19.13
18.78
18.43
18.07
18.22
18.37
18.53
19.72
20.92
22.11
22.66
23.21
23.76
23.6
23.44
23.28
22.91
22.53
22.16
21.66
21.17
20.67
20.11
19.56
19
19.24
19.48
19.72
19.92
20.11
20.31
21.1
21.9
22.69
23.77
24.86
25.94
25.86
25.78
25.7
25.18
24.67
24.15
23.41
22.67
21.93
21.35
20.78
20.2
20.6
20.99
21.38
21.58
21.77
21.97
22.82
23.67
24.52
25.79
27.07
28.34
28.31
28.29
28.26
27.76
27.27
26.77
26.15
25.54
24.92
24.43
23.95
23.46
23.47
23.47
23.47
24.14
24.8
25.47
26.7
27.94
29.18
30.3
31.42
32.54
32.02
31.51
30.99
30.4
29.8
29.21
27.82
26.42
25.03
24.45
23.87
23.29
22.99
22.69
22.38
22.02
21.66
21.31
23.08
24.86
26.64
27.46
28.28
29.1
28.64
28.17
27.71
27.05
26.38
25.72
24.89
24.06
23.23
22.65
22.08
21.5
21.3
21.09
20.88
21.62
22.35
23.09
24.09
25.1
26.11
27.28
28.45
29.62
29.38
29.14
28.9
28.14
27.39
26.63
25.69
24.76
23.82
23.2
22.58
21.96
21.97
21.98
21.99
21.62
21.24
20.87
22.52
24.18
25.84
27.13
28.43
29.72
29.77
29.83
29.88
29.1
28.32
27.54
26.61
25.68
24.75
24.66
24.58
24.49
24.51
24.53
24.55
23.74
22.93
22.13
24.2
26.28
28.35
29.8
31.26
32.71
32.38
32.05
31.72
30.63
29.53
28.44
27.43
26.43
25.42
25.59
25.77
25.94
26.23
26.51
26.79
26.32
25.85
25.38
26.85
28.33
29.8
31.38
32.96
34.54
34.15
33.77
33.38
32.82
32.25
31.69
31.26
30.82
30.39
29.79
29.19
28.58
28.22
27.85
27.48
27.22
26.95
26.69
27.6
28.52
29.44
30.14
30.85
31.55
31.1
30.65
30.2
29.39
28.59
27.78
26.73
25.67
24.62
24.26
23.91
23.55
23.01
22.47
21.92
22.21
22.5
22.79
23.97
25.16
26.34
27.37
28.4
29.43
29.18
28.94
28.69
28.02
27.36
26.69
25.81
24.92
24.04
23.76
23.49
23.21
23.03
22.84
22.65
22.7
22.75
22.8
24.05
25.31
26.56
27.65
28.75
29.84
29.61
29.39
29.16
28.83
28.49
28.16
27.3
26.43
25.57
24.83
24.09
23.35
23.13
22.91
22.69
22.96
23.23
23.51
24.91
26.31
27.71
29.42
31.12
32.83
32.66
32.48
32.31
31.47
30.64
29.8
28.58
27.35
26.13
25.39
24.65
23.91
23.74
23.57
23.39
23.45
23.5
23.56
25.55
27.55
29.55
31.55
33.54
35.54
35.37
35.2
35.03
34.51
34
33.48
32.6
31.71
30.83
30.18
29.54
28.89
28.32
27.75
27.18
26.68
26.18
25.68
28.19
30.71
33.22
34.49
35.77
37.04
36.61
36.17
35.74
34.65
33.55
32.46
30.95
29.43
27.92
27.45
26.99
26.52
26.14
25.76
25.38
25.32
25.25
25.19
26.55
27.91
29.27
30.08
30.88
31.69
31.02
30.35
29.68
28.92
28.16
27.4
26.8
24.58
24.72
24.85
24.99
25.13
25.27
25.41
25.55
25.68
25.82
25.96
26.1
26.24
26.38
26.52
26.65
29.79
29.45
29.12
28.78
28.34
27.9
27.45
26.86
26.26
25.67
25.59
25.51
25.42
25.12
24.82
24.51
23.96
23.4
22.85
23.69
24.53
25.37
26.09
26.82
27.54
27.42
27.3
27.17
26.45
25.73
25
24.3
23.6
22.9
22.55
22.21
21.86
21.3
20.74
20.17
19.87
19.56
19.26
21.09
22.92
24.75
25.57
26.4
27.23
27.21
27.19
27.17
26.69
26.2
25.71
25.13
24.56
23.98
23.44
22.9
22.35
22.67
22.99
23.31
23.02
22.72
22.43
23.65
24.87
26.1
26.91
27.73
28.54
28.51
28.48
28.45
28
27.54
27.08
26.44
25.79
25.15
24.54
23.94
23.33
23.63
23.92
24.21
23.73
23.24
22.75
24.24
25.73
27.23
28.12
29.01
29.9
29.75
29.6
29.45
29.22
28.99
28.76
28.15
27.55
26.94
26.34
25.74
25.14
25.3
25.45
25.6
24.6
23.6
22.6
24.82
27.04
29.27
29.97
30.68
31.38
31.14
30.9
30.66
30.37
30.08
29.78
29.03
28.28
27.53
26.76
25.99
25.21
25.35
25.49
25.63
25.1
24.56
24.03
26.06
28.09
30.13
30.94
31.76
32.58
32.35
32.12
31.88
31.42
30.96
30.49
29.65
28.8
27.96
27.71
27.46
27.2
27.35
27.49
27.63
27.61
27.58
27.55
28.54
29.53
30.52
31.75
32.98
34.21
33.91
33.61
33.31
32.8
32.29
31.78
31.08
30.38
29.68
29.5
29.33
29.15
28.97
28.78
28.59
28.88
29.17
29.46
30.44
31.41
32.39
33.42
34.46
35.49
35.07
34.65
34.23
33.77
33.31
32.84
32.35
31.87
31.38
30.72
30.07
29.41
28.76
28.11
27.46
27.11
26.75
26.4
29.31
32.22
35.13
36.03
36.94
37.84
37.34
36.84
36.34
36.16
35.98
35.8
35.41
35.03
34.64
34.09
33.54
32.99
32.57
32.15
31.72
31.16
30.59
30.03
30.66
31.29
31.93
32.48
33.04
33.6
33.44
33.29
33.13
32.62
32.11
31.59
30.84
30.08
29.33
28.86
28.4
27.93
27.57
27.21
26.85
26.28
25.71
25.14
26.56
27.97
29.39
30
30.62
31.24
30.95
30.66
30.36
30.06
29.75
29.44
28.79
28.14
27.49
26.96
26.43
25.9
25.82
25.74
25.65
25.61
25.56
25.51
26.68
27.84
29.01
29.91
30.82
31.73
31.48
31.24
30.99
30.59
30.19
29.79
28.97
28.16
27.34
26.75
26.16
25.56
25.79
26.01
26.23
26.27
26.31
26.35
27.47
28.59
29.71
30.67
31.63
32.59
32.43
32.28
32.12
31.64
31.15
30.66
29.84
29.02
28.2
27.65
27.1
26.54
26.87
27.19
27.51
26.8
26.08
25.36
27.32
29.28
31.25
32.17
33.1
34.02
33.72
33.43
33.13
32.45
31.77
31.09
30.32
29.56
28.79
28.55
28.32
28.08
28.02
27.96
27.9
27.44
26.97
26.51
28.39
30.26
32.14
33.4
34.66
35.92
35.5
35.09
34.67
33.98
33.29
32.59
31.79
30.99
30.19
29.93
29.67
29.4
29.69
29.98
30.26
29.52
28.77
28.03
29.9
31.77
33.64
34.66
35.69
36.72
36.22
35.72
35.22
34.62
34.02
33.42
32.87
32.32
31.77
31.72
31.67
31.61
31.45
31.29
31.12
29.9
28.67
27.44
29.61
31.78
33.95
34.93
35.91
36.89
36.48
36.08
35.67
35.29
34.9
34.51
34
33.49
32.98
32.71
32.45
32.18
31.43
30.68
29.92
28.83
27.74
26.65
28.35
30.05
31.75
32.66
33.58
34.49
34.28
34.07
33.85
33.16
32.47
31.78
31.06
30.34
29.62
29.49
29.36
29.22
28.99
28.76
28.52
28.05
27.57
27.09
28.16
29.22
30.29
31.36
32.43
33.5
33.39
33.29
33.18
32.67
32.16
31.64
30.93
30.22
29.51
29.06
28.61
28.15
27.74
27.33
26.91
26.36
25.8
25.24
26.69
28.13
29.58
30.85
32.13
33.41
33.31
33.22
33.12
32.31
31.5
30.69
29.84
29
28.15
27.62
27.09
26.56
26.01
25.46
24.91
24.55
24.18
23.82
26.5
29.17
31.85
32.91
33.98
35.04
34.75
34.46
34.17
33.54
32.9
32.26
31.52
30.78
30.04
29.48
28.92
28.36
27.92
27.48
27.04
27.26
27.47
27.68
29.07
30.46
31.85
32.52
33.2
33.87
33.51
33.15
32.78
32.04
31.3
30.56
29.96
29.37
28.77
28.41
28.05
27.68
27.2
26.72
26.24
26
25.75
25.51
26.57
27.62
28.68
29.53
30.38
31.23
31.17
31.12
31.06
30.6
30.14
29.67
29.15
28.63
28.11
27.72
27.34
26.95
26.5
26.05
25.59
25.39
25.18
24.97
26.4
27.83
29.27
30.41
31.56
32.71
32.69
32.68
32.66
32.1
31.54
30.98
30.32
29.66
29
28.44
27.89
27.33
26.76
26.19
25.61
25.33
25.04
24.76
26.93
29.09
31.26
32.15
33.05
33.95
33.79
33.63
33.47
32.98
32.49
32
31.23
30.45
29.68
29.43
29.19
28.94
28.24
27.53
26.82
26.41
26
25.59
28.54
31.48
34.43
35.3
36.17
37.04
36.53
36.03
35.52
35.11
34.69
34.27
33.6
32.93
32.26
31.7
31.15
30.59
30.14
29.69
29.23
29.22
29.2
29.18
30.24
31.3
32.37
33.05
33.74
34.42
33.97
33.52
33.07
32.64
32.21
31.78
31.2
30.61
30.03
29.65
29.27
28.89
28.43
27.97
27.5
27.2
26.89
26.58
27.59
28.59
29.6
30.3
31.01
31.71
31.61
31.52
31.42
31.02
30.62
30.21
29.49
28.76
28.04
27.59
27.15
26.7
26.7
26.7
26.69
25.87
25.04
24.22
26.32
28.42
30.53
31.38
32.23
33.08
33.03
32.99
32.94
32.6
32.26
31.92
31.27
30.61
29.96
29.29
28.63
27.96
27.97
27.97
27.97
27.27
26.56
25.86
27.93
30
32.07
33.03
33.99
34.95
34.85
34.76
34.66
34.22
33.77
33.32
32.62
28.94
29.1
29.25
29.4
29.56
29.71
29.87
30.02
30.18
30.33
30.48
30.64
30.79
30.95
31.1
31.25
36.21
36.03
35.84
35.65
35.13
34.61
34.08
33.32
32.56
31.8
31.46
31.11
30.77
30.34
29.91
29.48
28.7
27.92
27.14
29.5
31.86
34.22
35.02
35.82
36.61
36.14
35.67
35.2
34.48
33.76
33.03
32.37
31.72
31.06
30.83
30.59
30.36
29.72
29.08
28.45
28.45
28.46
28.47
29.74
31.02
32.29
33.17
34.04
34.91
34.71
34.5
34.29
33.83
33.36
32.89
32.5
32.11
31.72
31.22
30.73
30.23
29.93
29.63
29.34
29.37
29.4
29.44
30.65
31.86
33.07
33.84
34.61
35.37
35.03
34.68
34.33
33.86
33.38
32.9
32.67
32.45
32.22
31.95
31.68
31.41
31.18
30.95
30.73
30.59
30.45
30.31
31.25
32.19
33.13
33.85
34.56
35.27
35.14
35
34.86
34.33
33.8
33.26
32.75
32.24
31.73
31.45
31.16
30.88
30.29
29.7
29.12
28.88
28.65
28.42
30.06
31.69
33.33
34.18
35.02
35.86
35.77
35.67
35.57
34.95
34.33
33.7
32.77
31.85
30.92
30.32
29.71
29.11
29.41
29.7
30
29.7
29.4
29.11
30.62
32.12
33.63
34.5
35.37
36.23
35.92
35.61
35.29
34.67
34.05
33.42
32.65
31.87
31.1
30.96
30.82
30.68
30.71
30.74
30.78
30.01
29.25
28.49
30.79
33.09
35.39
36.48
37.56
38.64
38.19
37.73
37.27
36.85
36.42
35.99
35.62
35.24
34.87
34.36
33.84
33.33
33.01
32.68
32.36
31.82
31.29
30.76
31.34
31.91
32.49
33.1
33.71
34.32
34.04
33.76
33.47
32.95
32.42
31.89
31.31
30.74
30.16
29.82
29.47
29.13
28.66
28.19
27.73
27.49
27.26
27.03
27.96
28.88
29.81
30.5
31.19
31.88
31.78
31.68
31.57
31.02
30.47
29.91
29.16
28.41
27.66
27.17
26.68
26.19
26.92
27.65
28.38
27.22
26.06
24.91
27.24
29.58
31.91
32.6
33.29
33.97
33.73
33.49
33.24
32.88
32.52
32.15
31.85
31.56
31.26
30.81
30.36
29.91
29.24
28.57
27.91
27.75
27.59
27.44
29.23
31.02
32.81
33.54
34.27
34.99
34.75
34.51
34.26
33.69
33.12
32.55
31.99
31.42
30.86
30.26
29.67
29.07
28.59
28.1
27.62
27.32
27.02
26.72
28.62
30.51
32.41
33.02
33.63
34.24
33.9
33.56
33.21
32.58
31.94
31.3
30.71
30.13
29.54
29.1
28.65
28.21
28.19
28.17
28.16
27.54
26.92
26.3
28.34
30.38
32.42
33.09
33.76
34.43
34.07
33.71
33.35
32.84
32.33
31.81
31.34
30.88
30.41
30.11
29.82
29.52
29.4
29.27
29.15
29.09
29.03
28.97
29.93
30.88
31.84
32.55
33.25
33.95
33.89
33.82
33.75
33.54
33.33
33.12
32.7
32.28
31.86
31.52
31.17
30.83
30.56
30.28
30.01
29.55
29.1
28.65
29.74
30.84
31.93
32.7
33.47
34.23
34.24
34.25
34.25
34.07
33.89
33.71
33.36
33.01
32.66
32.34
32.02
31.7
31.45
31.2
30.95
30.3
29.65
29
30.62
32.25
33.87
34.6
35.33
36.06
35.9
35.74
35.58
35.25
34.91
34.57
34.07
33.57
33.07
32.71
32.36
32
31.54
31.07
30.61
30.35
30.09
29.84
31.56
33.28
35
35.6
36.19
36.78
36.39
36
35.6
35.09
34.57
34.05
33.44
32.82
32.21
31.87
31.53
31.19
31.14
31.09
31.05
30.5
29.95
29.4
31.23
33.07
34.9
35.5
36.09
36.68
36.23
35.78
35.32
34.93
34.54
34.14
33.42
32.71
31.99
31.45
30.91
30.37
30.29
30.2
30.12
30.18
30.24
30.31
31.97
33.62
35.28
36.03
36.78
37.52
37.07
36.61
36.15
35.55
34.95
34.34
33.86
33.37
32.89
32.92
32.94
32.97
32.85
32.73
32.62
31.73
30.84
29.96
32.27
34.57
36.88
37.69
38.49
39.29
38.75
38.21
37.66
37.22
36.78
36.34
35.47
34.61
33.74
33.23
32.73
32.22
31.69
31.16
30.63
30.55
30.48
30.41
32.5
34.6
36.69
37.51
38.33
39.15
38.56
37.97
37.37
36.77
36.17
35.57
34.95
34.34
33.72
33.55
33.37
33.2
33.26
33.31
33.37
33.24
33.11
32.98
33.65
34.32
34.99
35.47
35.95
36.43
35.95
35.46
34.97
34.3
33.63
32.95
32.48
32
31.53
31.39
31.26
31.12
30.98
30.83
30.69
30.47
30.25
30.04
31.83
33.61
35.4
36.25
37.1
37.95
37.51
37.07
36.62
36.22
35.81
35.4
34.98
34.55
34.13
34.21
34.28
34.36
33.38
32.4
31.42
30.84
30.26
29.69
31.31
32.92
34.54
35.32
36.09
36.86
36.51
36.15
35.79
35.05
34.31
33.56
32.84
32.11
31.39
30.99
30.59
30.19
29.71
29.22
28.74
28.62
28.5
28.38
29.14
29.89
30.65
31.26
31.87
32.48
32.33
32.18
32.03
31.64
31.25
30.86
30.26
29.67
29.07
28.62
28.18
27.73
27.25
26.76
26.28
26.02
25.76
25.51
26.91
28.31
29.71
30.41
31.11
31.81
31.76
31.7
31.64
31.16
30.68
30.19
29.58
28.96
28.35
27.95
27.54
27.14
26.7
26.25
25.81
25.46
25.12
24.78
26.61
28.44
30.27
31.51
32.75
33.99
33.87
33.75
33.63
33.12
32.61
32.1
31.5
30.89
30.29
30.22
30.14
30.07
29.45
28.83
28.22
27.58
26.94
26.3
28.55
30.79
33.04
34.28
35.51
36.74
36.45
36.16
35.86
35.48
35.1
34.72
33.77
32.83
31.88
31.5
31.12
30.74
30.42
30.1
29.78
29.03
28.28
27.53
29.82
32.11
34.4
35.36
36.31
37.26
36.84
36.42
35.99
35.34
34.68
34.02
33.26
29.53
29.93
30.32
30.71
31.1
31.49
31.88
32.27
32.67
33.06
33.45
33.84
34.23
34.62
35.01
35.41
38.93
38.09
37.24
36.4
35.76
35.12
34.48
33.76
33.03
32.31
31.98
31.65
31.32
30.79
30.25
29.72
29.67
29.63
29.58
31.81
34.04
36.27
37.37
38.47
39.57
38.89
38.2
37.52
36.75
35.99
35.22
34.39
33.55
32.72
32.06
31.41
30.75
30.44
30.12
29.81
30.13
30.45
30.76
32.52
34.27
36.02
37.04
38.06
39.08
38.47
37.85
37.24
36.5
35.77
35.03
34.32
33.61
32.91
32.56
32.21
31.86
31.31
30.75
30.2
30.12
30.05
29.97
31.25
32.52
33.79
34.6
35.4
36.2
35.86
35.53
35.19
34.94
34.7
34.45
33.8
33.15
32.51
32.15
31.8
31.45
31.12
30.78
30.45
30.39
30.33
30.26
31.49
32.72
33.94
34.58
35.22
35.85
35.56
35.27
34.98
34.52
34.06
33.6
33.02
32.44
31.86
31.21
30.56
29.91
29.52
29.12
28.73
28.66
28.59
28.52
29.96
31.4
32.84
33.41
33.97
34.53
34.13
33.72
33.32
32.98
32.64
32.3
31.58
30.86
30.14
29.74
29.35
28.96
28.42
27.88
27.34
27.5
27.66
27.81
29.48
31.14
32.8
33.47
34.13
34.79
34.45
34.12
33.78
33.27
32.77
32.26
31.61
30.95
30.3
29.9
29.5
29.1
28.63
28.16
27.69
27.53
27.37
27.2
29
30.8
32.59
33.25
33.91
34.56
34.1
33.65
33.19
32.9
32.6
32.31
31.9
31.49
31.08
30.58
30.08
29.58
29.29
28.99
28.7
28.74
28.78
28.81
30.33
31.85
33.37
34
34.63
35.25
34.76
34.27
33.78
33.38
32.97
32.57
32.09
31.61
31.13
30.5
29.87
29.24
28.92
28.59
28.27
28.25
28.23
28.2
29.8
31.39
32.98
33.62
34.25
34.88
34.32
33.77
33.21
32.93
32.66
32.38
32.04
31.7
31.37
30.82
30.27
29.72
29.18
28.63
28.09
27.83
27.58
27.32
29.52
31.72
33.91
34.74
35.56
36.38
35.71
35.05
34.38
34.2
34.01
33.83
33.31
32.79
32.27
31.79
31.31
30.83
30.26
29.69
29.12
29.01
28.91
28.8
30.92
33.04
35.15
36.03
36.9
37.77
37.11
36.44
35.78
35.22
34.65
34.09
33.31
32.53
31.76
31.32
30.89
30.45
30.3
30.15
30
29.27
28.55
27.82
30.28
32.73
35.18
36.29
37.4
38.51
38
37.5
36.99
36.36
35.74
35.11
34.26
33.41
32.57
32.22
31.88
31.53
31.17
30.8
30.44
30.49
30.54
30.58
31.76
32.94
34.11
34.95
35.78
36.61
36.21
35.81
35.41
34.72
34.02
33.33
32.33
31.32
30.32
29.77
29.22
28.67
28.3
27.93
27.56
27.68
27.8
27.91
29.22
30.53
31.84
32.61
33.38
34.14
33.91
33.69
33.46
33.08
32.69
32.31
31.56
30.81
30.07
29.57
29.08
28.58
28.37
28.17
27.96
27.54
27.13
26.71
28.2
29.68
31.16
32.04
32.91
33.78
33.56
33.34
33.12
32.82
32.53
32.23
31.53
30.83
30.13
29.71
29.29
28.87
28.51
28.16
27.8
27.51
27.22
26.92
28.52
30.11
31.7
32.65
33.6
34.55
34.19
33.84
33.48
32.86
32.24
31.62
30.89
30.15
29.42
28.92
28.43
27.93
28.04
28.15
28.26
27.66
27.06
26.45
28.23
30.01
31.79
32.85
33.91
34.96
34.69
34.42
34.15
33.84
33.52
33.21
32.55
31.88
31.22
30.83
30.44
30.05
29.56
29.06
28.57
28.13
27.69
27.24
29.1
30.96
32.81
33.69
34.57
35.44
35.03
34.63
34.22
33.83
33.45
33.06
32.35
31.63
30.92
30.58
30.25
29.91
29.76
29.6
29.45
29.19
28.93
28.67
29.42
30.16
30.9
31.7
32.5
33.3
33
32.71
32.41
31.98
31.56
31.13
30.54
29.94
29.35
28.98
28.62
28.25
28
27.75
27.5
27.52
27.54
27.55
28.99
30.43
31.86
32.45
33.04
33.62
33.34
33.05
32.77
32.3
31.83
31.36
30.72
30.07
29.43
29.02
28.62
28.21
27.78
27.35
26.92
26.88
26.84
26.8
28.21
29.62
31.03
31.69
32.35
33.01
32.82
32.64
32.45
32.2
31.95
31.7
31.2
30.7
30.2
29.91
29.62
29.33
28.99
28.64
28.3
28.53
28.76
28.98
29.95
30.92
31.88
32.54
33.19
33.84
33.45
33.06
32.67
32.1
31.52
30.95
30.47
29.99
29.52
29.27
29.03
28.78
28.54
28.3
28.06
28.18
28.3
28.42
29.83
31.24
32.65
33.54
34.43
35.31
34.81
34.31
33.81
33.23
32.65
32.07
31.54
31.01
30.48
30.21
29.95
29.68
29.5
29.33
29.15
29.12
29.1
29.07
30.49
31.91
33.33
34.12
34.91
35.7
35.05
34.41
33.76
33.21
32.66
32.11
31.54
30.96
30.39
30.3
30.21
30.12
30.2
30.29
30.37
30.83
31.29
31.75
32.43
33.11
33.78
34.32
34.86
35.4
34.66
33.91
33.17
32.69
32.22
31.74
31.81
31.88
31.95
31.94
31.94
31.94
31.87
31.8
31.73
31.75
31.78
31.8
32.51
33.22
33.92
34.32
34.72
35.11
34.45
33.79
33.13
32.91
32.7
32.48
31.9
31.32
30.74
30.59
30.45
30.3
30.25
30.19
30.14
30.04
29.94
29.83
31.09
32.35
33.6
34.28
34.96
35.64
35.14
34.63
34.13
33.7
33.26
32.83
32.1
31.36
30.63
30.37
30.12
29.86
29.82
29.78
29.74
29.46
29.18
28.9
30.62
32.34
34.05
34.78
35.51
36.24
35.8
35.37
34.93
34.39
33.86
33.32
32.78
32.24
31.71
31.55
31.4
31.25
31.14
31.02
30.91
30.83
30.75
30.67
31.79
32.91
34.03
34.78
35.53
36.27
35.91
35.55
35.19
34.83
34.47
34.11
33.56
33.01
32.46
32.12
31.79
31.45
30.86
30.27
29.68
29.45
29.22
28.98
30.8
32.61
34.42
35.12
35.82
36.52
35.92
35.33
34.73
34.07
33.42
32.76
32.15
29.44
29.5
29.56
29.62
29.68
29.73
29.79
29.85
29.91
29.97
30.02
30.08
30.14
30.2
30.26
30.31
34.29
33.87
33.44
33.02
32.5
31.98
31.46
30.88
30.3
29.73
29.51
29.3
29.09
28.78
28.48
28.17
28.04
27.9
27.77
29.4
31.02
32.65
33.43
34.2
34.98
34.63
34.28
33.93
33.49
33.04
32.6
32.04
31.48
30.92
30.43
29.95
29.46
29.17
28.88
28.59
28.28
27.97
27.67
29.69
31.72
33.74
34.55
35.36
36.17
35.76
35.36
34.95
34.43
33.9
33.38
32.72
32.06
31.41
31.15
30.89
30.62
30.05
29.49
28.92
28.76
28.6
28.44
30.59
32.73
34.88
35.73
36.59
37.44
37.05
36.65
36.26
35.77
35.29
34.8
34.13
33.46
32.79
32.43
32.07
31.7
31.21
30.73
30.24
30.25
30.26
30.28
31.73
33.17
34.62
35.56
36.51
37.45
36.97
36.48
36
35.29
34.57
33.86
33.14
32.42
31.71
31.55
31.4
31.24
31.21
31.18
31.15
30.88
30.61
30.35
31.41
32.47
33.53
34.33
35.14
35.94
35.7
35.45
35.21
34.65
34.1
33.54
32.95
32.37
31.79
31.42
31.06
30.69
30.43
30.16
29.9
29.59
29.28
28.97
30.49
32
33.52
34.33
35.13
35.94
35.65
35.36
35.07
34.59
34.11
33.63
32.99
32.35
31.72
31.18
30.64
30.09
29.84
29.59
29.34
28.81
28.28
27.76
29.57
31.39
33.2
34.05
34.91
35.76
35.46
35.15
34.85
34.34
33.84
33.33
32.68
32.04
31.4
31.14
30.88
30.61
29.97
29.33
28.69
28.41
28.13
27.86
29.71
31.55
33.4
34.29
35.18
36.07
35.76
35.45
35.14
34.53
33.91
33.3
32.6
31.9
31.2
30.9
30.61
30.31
30.13
29.96
29.78
29.32
28.87
28.42
30.16
31.91
33.65
34.55
35.44
36.34
35.97
35.61
35.24
34.67
34.09
33.52
32.74
31.97
31.2
30.65
30.11
29.56
29.32
29.07
28.83
29.41
29.99
30.57
31.5
32.42
33.35
34.29
35.23
36.17
35.87
35.57
35.27
34.66
34.04
33.43
32.54
31.66
30.78
30.29
29.8
29.3
28.73
28.17
27.6
27.93
28.26
28.59
29.79
30.99
32.19
33.3
34.4
35.51
35.1
34.68
34.27
33.61
32.96
32.3
31.58
30.86
30.15
29.79
29.43
29.06
29.01
28.96
28.91
29.12
29.33
29.55
30.69
31.83
32.97
34.01
35.04
36.08
35.83
35.57
35.32
34.68
34.04
33.4
32.44
31.48
30.53
30.14
29.75
29.35
29.51
29.68
29.84
29.37
28.9
28.44
30.5
32.56
34.62
35.48
36.35
37.21
36.73
36.24
35.76
35.13
34.49
33.86
33.12
32.39
31.66
31.36
31.06
30.75
30.44
30.13
29.82
29.52
29.23
28.94
30.48
32.01
33.55
34.49
35.43
36.37
36
35.62
35.25
34.64
34.02
33.41
32.67
31.94
31.21
30.98
30.76
30.53
30.38
30.22
30.07
29.55
29.04
28.53
30.14
31.76
33.37
34.32
35.27
36.22
35.86
35.51
35.15
34.33
33.5
32.68
31.91
31.14
30.38
30.01
29.65
29.28
29.47
29.66
29.85
29.24
28.63
28.02
29.83
31.63
33.44
34.26
35.08
35.9
35.4
34.9
34.4
33.7
33
32.3
31.62
30.94
30.27
29.75
29.23
28.7
28.79
28.88
28.97
28.7
28.43
28.17
29.88
31.59
33.3
34.1
34.89
35.69
35.25
34.8
34.36
33.74
33.13
32.51
31.84
31.17
30.51
30.01
29.51
29
28.92
28.85
28.77
28.43
28.09
27.76
29.6
31.43
33.27
34.32
35.36
36.41
36.01
35.62
35.22
34.69
34.17
33.64
32.87
32.11
31.35
31.06
30.77
30.47
29.88
29.28
28.69
28.57
28.45
28.33
30.25
32.17
34.09
34.94
35.79
36.64
36.17
35.71
35.24
34.65
34.07
33.48
32.83
32.18
31.53
31.41
31.3
31.18
30.22
29.25
28.29
28.18
28.07
27.97
29.97
31.98
33.98
34.88
35.78
36.68
36.08
35.47
34.87
34.29
33.7
33.12
32.5
31.88
31.27
31.16
31.06
30.95
30.33
29.71
29.09
28.81
28.53
28.26
30.22
32.19
34.15
35
35.85
36.7
36.17
35.65
35.12
34.84
34.56
34.28
33.62
32.96
32.3
32.03
31.76
31.48
30.94
30.41
29.87
29.71
29.56
29.41
31.11
32.81
34.51
35.41
36.32
37.22
36.73
36.24
35.75
35.05
34.36
33.66
32.95
32.25
31.55
31.24
30.93
30.62
30.09
29.55
29.02
28.86
28.7
28.54
30.42
32.29
34.17
35.1
36.04
36.97
36.45
35.92
35.4
34.61
33.82
33.03
32.36
31.7
31.04
30.56
30.08
29.59
29.1
28.61
28.12
28.33
28.54
28.76
29.98
31.2
32.42
33.42
34.41
35.41
34.92
34.42
33.93
33.18
32.43
31.68
30.83
29.98
29.14
28.92
28.7
28.47
28.19
27.91
27.63
27.44
27.25
27.06
28.8
30.53
32.27
33.38
34.49
35.6
35.14
34.69
34.23
33.56
32.88
32.21
31.38
30.55
29.73
29.35
28.97
28.58
28.23
27.87
27.52
27.64
27.76
27.88
29.73
31.57
33.42
34.45
35.47
36.5
36.14
35.79
35.43
34.92
34.4
33.89
33.18
32.48
31.78
31.53
31.28
31.02
30.77
30.53
30.28
29.89
29.5
29.11
30.85
32.6
34.34
35.49
36.63
37.78
37.38
36.98
36.58
35.81
35.03
34.26
33.39
32.53
31.67
31.41
31.15
30.88
30.55
30.22
29.89
29.59
29.29
28.99
30.95
32.9
34.86
36.04
37.23
38.41
37.83
37.26
36.68
36.05
35.41
34.78
33.91
33.05
32.19
31.69
31.19
30.68
30.55
30.41
30.28
30.21
30.14
30.07
31.66
33.24
34.83
36.06
37.28
38.51
38
37.48
36.97
36.32
35.67
35.02
34.4
33.78
33.16
32.73
32.3
31.87
31.82
31.76
31.71
31.2
30.7
30.2
31.66
33.12
34.58
36.08
37.58
39.08
38.51
37.95
37.38
36.61
35.85
35.08
34.34
31.8
31.84
31.89
31.94
31.98
32.03
32.08
32.12
32.17
32.22
32.26
32.31
32.36
32.4
32.45
32.5
36.03
35.78
35.53
35.28
34.58
33.87
33.17
32.46
31.76
31.05
30.47
29.9
29.32
29.09
28.85
28.61
28.61
28.61
28.6
30.14
31.69
33.23
33.99
34.74
35.5
35.17
34.84
34.5
33.82
33.15
32.47
31.78
31.1
30.41
29.96
29.51
29.06
28.94
28.82
28.7
28.26
27.81
27.36
29.17
30.98
32.79
33.78
34.77
35.76
35.49
35.22
34.95
34.32
33.68
33.05
32.55
32.04
31.54
31.13
30.72
30.31
30.01
29.71
29.41
29.06
28.71
28.36
29.65
30.95
32.24
33.39
34.55
35.7
35.56
35.42
35.27
34.8
34.32
33.85
33.33
32.8
32.28
31.84
31.4
30.95
30.65
30.34
30.03
29.86
29.68
29.5
30.61
31.73
32.84
33.98
35.12
36.26
36.12
35.98
35.84
35.4
34.96
34.52
33.89
33.27
32.64
32.25
31.86
31.46
31.01
30.55
30.09
29.95
29.81
29.67
30.82
31.98
33.13
34.2
35.27
36.34
36.12
35.9
35.67
35.16
34.64
34.13
33.45
32.78
32.1
31.61
31.13
30.64
30.69
30.73
30.77
30.02
29.27
28.52
30.29
32.05
33.82
34.91
36.01
37.1
36.76
36.41
36.06
35.43
34.81
34.18
33.39
32.59
31.8
31.3
30.8
30.3
30.16
30.02
29.87
29.47
29.07
28.66
30.37
32.07
33.78
34.83
35.88
36.93
36.55
36.17
35.79
35.04
34.28
33.53
32.8
32.06
31.33
30.95
30.57
30.19
29.68
29.17
28.66
28.58
28.5
28.42
30.09
31.76
33.43
34.49
35.56
36.62
36.27
35.92
35.56
34.85
34.13
33.42
32.99
32.55
32.12
31.64
31.16
30.67
30.35
30.03
29.71
29.42
29.13
28.84
29.99
31.15
32.3
33.51
34.71
35.92
35.78
35.64
35.49
35.03
34.56
34.1
33.45
32.81
32.16
31.56
30.96
30.35
29.84
29.33
28.81
28.55
28.29
28.02
29.46
30.91
32.35
33.5
34.66
35.81
35.61
35.41
35.2
34.62
34.05
33.47
32.78
32.09
31.4
31.04
30.68
30.32
30.12
29.92
29.72
29.38
29.04
28.7
30.11
31.51
32.92
33.99
35.05
36.12
35.89
35.66
35.42
34.86
34.29
33.73
33.18
32.63
32.08
31.69
31.3
30.91
30.64
30.37
30.1
30.05
30
29.94
31.04
32.15
33.25
34.32
35.4
36.47
36.3
36.12
35.94
35.39
34.84
34.29
33.7
33.11
32.52
32.25
31.98
31.71
31.59
31.47
31.34
31
30.65
30.3
30.89
31.49
32.08
32.96
33.84
34.72
34.46
34.2
33.93
33.34
32.75
32.16
31.71
31.27
30.82
30.58
30.34
30.09
29.84
29.58
29.32
28.89
28.45
28.01
28.68
29.35
30.02
31.06
32.09
33.13
33.25
33.37
33.48
33.16
32.85
32.53
32.04
31.54
31.05
30.63
30.21
29.78
29.36
28.94
28.52
27.94
27.35
26.76
27.65
28.55
29.44
30.64
31.85
33.05
33.16
33.27
33.38
33.08
32.77
32.47
32.19
31.91
31.63
31.19
30.75
30.31
29.97
29.63
29.29
28.69
28.08
27.47
28.5
29.53
30.56
31.83
33.11
34.38
34.33
34.27
34.21
33.71
33.2
32.7
32.16
31.63
31.09
30.69
30.3
29.9
29.51
29.11
28.71
28.61
28.51
28.41
29.16
29.92
30.67
31.56
32.44
33.33
33.1
32.86
32.62
32.07
31.51
30.96
30.48
29.99
29.51
29.28
29.06
28.83
28.45
28.07
27.69
27.4
27.11
26.81
27.89
28.96
30.04
30.98
31.92
32.86
32.64
32.42
32.19
31.7
31.2
30.71
30.39
30.06
29.74
29.57
29.41
29.24
29.16
29.08
28.99
28.64
28.29
27.94
29.09
30.25
31.4
32.36
33.33
34.29
34.03
33.77
33.51
33.08
32.65
32.22
31.97
31.73
31.48
31.23
30.98
30.72
30.39
30.05
29.71
29.67
29.62
29.57
30.81
32.05
33.29
34.31
35.33
36.35
35.48
34.61
33.73
33.34
32.96
32.57
32.25
31.92
31.6
31.34
31.09
30.83
30.45
30.06
29.67
29.69
29.71
29.72
30.92
32.11
33.31
34.3
35.29
36.28
35.64
35
34.36
33.64
32.92
32.2
31.53
30.87
30.2
29.75
29.3
28.85
28.62
28.39
28.15
28.41
28.66
28.91
29.89
30.87
31.85
33.09
34.34
35.58
35.12
34.65
34.18
33.53
32.88
32.23
31.89
31.56
31.22
31.26
31.31
31.35
31.53
31.7
31.87
31.34
30.81
30.27
31
31.74
32.47
33.94
35.4
36.87
36.57
36.26
35.95
35.2
34.46
33.71
33.08
32.45
31.82
31.87
31.93
31.98
31.53
31.08
30.63
30.3
29.97
29.64
30.53
31.43
32.32
33.79
35.25
36.72
36.22
35.72
35.21
34.07
32.92
31.78
30.92
30.06
29.2
28.57
27.94
27.31
27.27
27.23
27.19
27.28
27.36
27.44
28.27
29.09
29.92
31.75
33.58
35.41
35.04
34.67
34.3
33.31
32.33
31.34
30.71
30.09
29.46
29.4
29.34
29.27
29.64
30.01
30.37
30.54
30.71
30.88
31.21
31.53
31.86
33.48
35.11
36.73
36.32
35.91
35.49
34.58
33.66
32.75
32.19
31.63
31.07
31.34
31.61
31.88
31.19
30.5
29.81
28.98
28.15
27.31
29.5
31.68
33.87
35.05
36.24
37.42
36.68
35.94
35.19
34.27
33.36
32.44
31.83
31.22
30.61
30.53
30.45
30.36
30.34
30.32
30.3
29.93
29.56
29.18
30.08
30.99
31.89
33.24
34.58
35.93
35.53
35.12
34.71
33.56
32.4
31.25
30.5
29.74
28.99
28.44
27.89
27.34
27.57
27.79
28.01
27.57
27.13
26.69
27.6
28.52
29.43
31.25
33.08
34.9
34.61
34.31
34.01
32.81
31.62
30.42
29.68
26.74
26.83
26.92
27.02
27.11
27.21
27.3
27.4
27.49
27.59
27.68
27.78
27.87
27.97
28.06
28.15
32.4
32.42
32.44
32.45
31.96
31.48
30.99
30.35
29.71
29.07
28.48
27.9
27.31
27.45
27.59
27.73
27.08
26.43
25.78
26.94
28.1
29.26
30.25
31.24
32.23
32.11
31.98
31.85
31.21
30.58
29.94
29.65
29.36
29.07
29.21
29.35
29.49
29.09
28.69
28.29
28.23
28.17
28.11
28.87
29.63
30.39
31.22
32.05
32.88
32.69
32.5
32.31
31.75
31.2
30.64
30.3
29.97
29.63
29.38
29.14
28.89
28.86
28.83
28.8
28.01
27.21
26.42
27.71
29.01
30.3
31.29
32.28
33.27
33.12
32.97
32.82
32.05
31.29
30.52
29.91
29.3
28.68
28.08
27.48
26.88
26.84
26.79
26.75
26.2
25.65
25.1
26.5
27.91
29.31
30.37
31.43
32.49
32.37
32.25
32.12
31.22
30.32
29.42
28.77
28.12
27.46
26.97
26.48
25.99
26.35
26.7
27.06
26.8
26.53
26.27
27.03
27.8
28.56
29.69
30.82
31.94
31.86
31.77
31.68
30.94
30.19
29.45
28.81
28.17
27.52
26.97
26.42
25.87
25.52
25.18
24.83
24.76
24.69
24.62
25.93
27.24
28.55
29.69
30.83
31.97
31.91
31.84
31.77
30.96
30.15
29.34
28.71
28.09
27.46
26.91
26.35
25.8
26.07
26.33
26.6
26.36
26.11
25.87
26.66
27.45
28.24
29.61
30.99
32.36
32.44
32.52
32.59
31.76
30.93
30.1
29.41
28.73
28.04
27.82
27.59
27.37
27.52
27.68
27.83
27.53
27.22
26.92
27.31
27.71
28.1
29.68
31.27
32.85
32.81
32.77
32.73
31.73
30.74
29.74
28.98
28.22
27.46
27.17
26.88
26.59
26.84
27.08
27.33
26.98
26.62
26.27
26.76
27.24
27.73
29.49
31.26
33.02
32.95
32.88
32.81
31.71
30.61
29.51
28.71
27.91
27.11
26.4
25.69
24.98
24.49
23.99
23.5
24.17
24.85
25.52
26.09
26.67
27.24
28.9
30.56
32.21
32.18
32.15
32.12
31.11
30.11
29.1
28.35
27.6
26.84
26.61
26.37
26.14
26.19
26.23
26.28
25.97
25.66
25.35
26.14
26.94
27.73
29.48
31.23
32.98
33.06
33.14
33.22
32.21
31.21
30.2
29.56
28.93
28.29
27.97
27.64
27.32
26.94
26.56
26.18
26.61
27.03
27.46
28.1
28.73
29.37
31.13
32.9
34.66
34.32
33.97
33.62
32.37
31.13
29.88
29.22
28.56
27.89
27.38
26.86
26.35
26.12
25.89
25.66
25.06
24.45
23.85
25.31
26.76
28.22
29.84
31.46
33.08
32.9
32.72
32.54
31.12
29.71
28.29
27.64
26.99
26.34
26.13
25.93
25.72
25.24
24.76
24.28
24.17
24.05
23.94
25.23
26.51
27.8
28.94
30.09
31.23
31.14
31.04
30.94
30.08
29.21
28.35
27.91
27.48
27.04
27.07
27.11
27.14
26.79
26.45
26.1
25.94
25.77
25.61
26.58
27.56
28.53
29.42
30.32
31.21
31.01
30.81
30.61
29.85
29.08
28.32
27.84
27.36
26.88
26.74
26.6
26.46
26.07
25.67
25.28
25.21
25.13
25.06
26.46
27.86
29.26
30.59
31.92
33.25
33.03
32.81
32.59
31.55
30.52
29.48
29.01
28.54
28.06
28.02
27.99
27.95
27.89
27.82
27.76
27.28
26.8
26.32
27.52
28.71
29.91
31.11
32.31
33.5
33.04
32.58
32.12
31.71
31.29
30.88
30.67
30.46
30.24
29.95
29.65
29.36
28.73
28.1
27.47
27.18
26.9
26.61
27.6
28.58
29.57
30.11
30.65
31.19
30.87
30.55
30.22
29.87
29.52
29.17
28.91
28.65
28.38
27.92
27.47
27.01
26.68
26.34
26.01
25.62
25.23
24.84
26.02
27.21
28.39
29.2
30.01
30.82
30.52
30.22
29.92
29.06
28.19
27.33
26.99
26.66
26.32
25.97
25.63
25.28
24.94
24.61
24.27
24.24
24.21
24.18
25.43
26.67
27.92
28.94
29.97
30.99
30.81
30.63
30.45
29.56
28.66
27.77
27.35
26.93
26.5
26.24
25.97
25.71
25.71
25.7
25.7
25.55
25.41
25.26
25.88
26.5
27.12
28.63
30.15
31.66
31.62
31.58
31.53
30.45
29.36
28.28
27.66
27.05
26.43
26.46
26.5
26.53
26.6
26.68
26.75
26.61
26.48
26.34
26.59
26.83
27.08
28.79
30.51
32.22
32.09
31.96
31.82
30.61
29.39
28.18
27.5
26.82
26.14
25.92
25.69
25.47
25.55
25.64
25.72
25.76
25.8
25.84
26.09
26.35
26.6
28.51
30.42
32.33
32.09
31.85
31.6
30.4
29.21
28.01
27.36
26.72
26.07
26.01
25.96
25.9
25.97
26.03
26.1
25.14
24.17
23.21
24.07
24.94
25.8
27.65
29.5
31.35
31.23
31.1
30.97
29.92
28.88
27.83
27.18
26.53
25.87
25.73
25.6
25.46
25.48
25.5
25.52
25
24.47
23.95
24.72
25.48
26.25
27.99
29.74
31.48
31.31
31.13
30.95
29.79
28.64
27.48
26.82
26.16
25.49
25.27
25.05
24.83
24.83
24.84
24.84
24.89
24.94
24.99
25.59
26.2
26.8
28.42
30.04
31.66
31.46
31.26
31.06
29.99
28.92
27.85
27.29
26.73
26.16
25.54
24.92
24.3
24.25
24.2
24.15
24.74
25.33
25.92
26.21
26.51
26.8
28.32
29.85
31.37
31.1
30.83
30.56
29.45
28.34
27.23
26.56
25.9
25.23
25.28
25.32
25.37
24.74
24.1
23.47
23.34
23.2
23.07
23.98
24.89
25.8
27.24
28.68
30.11
29.95
29.79
29.63
28.73
27.84
26.94
26.27
25.6
24.93
24.28
23.64
22.99
22.37
21.75
21.13
20.79
20.44
20.1
21.9
23.71
25.51
27.12
28.73
30.33
30.23
30.13
30.02
29.18
28.34
27.5
26.88
26.26
25.64
24.86
24.08
23.3
22.64
21.99
21.33
21.15
20.96
20.78
22.68
24.57
26.47
28.08
29.7
31.31
30.96
30.61
30.25
29.07
27.89
26.71
26.16
23.21
23.19
23.18
23.16
23.15
23.14
23.12
23.11
23.1
23.08
23.07
23.06
23.04
23.03
23.02
23
27.47
27.8
28.13
28.46
28.04
27.62
27.21
26.76
26.32
25.87
25.18
24.49
23.8
23.12
22.44
21.76
21.19
20.63
20.07
21.46
22.85
24.24
25.47
26.7
27.94
28.26
28.58
28.9
28.45
28
27.55
27.18
26.8
26.43
25.63
24.84
24.04
23.48
22.91
22.35
21.88
21.41
20.94
22.18
23.42
24.66
25.81
26.96
28.11
28.32
28.53
28.74
28.29
27.84
27.4
26.96
26.51
26.07
25.36
24.65
23.94
23.18
22.43
21.67
21.46
21.26
21.06
22.37
23.68
24.99
25.9
26.82
27.74
27.84
27.95
28.05
27.38
26.71
26.04
25.6
25.16
24.72
23.95
23.18
22.41
21.64
20.86
20.09
19.62
19.15
18.68
20.34
22
23.67
24.86
26.06
27.26
27.59
27.93
28.27
27.89
27.5
27.12
26.62
26.13
25.63
25
24.37
23.74
23.08
22.43
21.77
21.28
20.8
20.32
20.95
21.59
22.23
23.24
24.26
25.28
25.5
25.73
25.96
25.54
25.12
24.7
24.26
23.81
23.37
22.81
22.26
21.7
21.03
20.35
19.68
19.28
18.88
18.49
19.69
20.89
22.09
22.97
23.85
24.73
24.91
25.1
25.28
24.69
24.1
23.51
23.1
22.7
22.29
21.5
20.72
19.93
19.25
18.58
17.9
17.45
17
16.56
18.26
19.97
21.68
22.94
24.2
25.47
25.77
26.08
26.38
25.82
25.26
24.7
24.21
23.71
23.22
22.49
21.77
21.04
21.08
21.11
21.15
19.98
18.81
17.64
19.16
20.69
22.22
23.51
24.8
26.09
26.43
26.78
27.12
26.65
26.18
25.71
24.98
24.26
23.53
23.07
22.61
22.15
21.87
21.59
21.31
20.03
18.75
17.47
18.88
20.29
21.71
23.23
24.76
26.29
26.61
26.93
27.25
26.72
26.19
25.66
24.74
23.82
22.9
22.72
22.55
22.37
21.77
21.16
20.56
19.77
18.98
18.2
19.37
20.55
21.73
23.07
24.41
25.76
26.02
26.29
26.56
26.11
25.65
25.2
24.6
24.01
23.41
23.43
23.44
23.46
23.34
23.21
23.09
22.32
21.56
20.8
21.25
21.71
22.17
23.47
24.77
26.07
26.27
26.48
26.69
26.14
25.59
25.04
24.66
24.29
23.91
23.17
22.42
21.68
21.49
21.29
21.1
21.08
21.06
21.05
21.76
22.48
23.2
24.22
25.24
26.26
26.44
26.63
26.81
26.2
25.59
24.99
24.68
24.38
24.07
23.61
23.14
22.68
22.13
21.59
21.04
20.36
19.68
19.01
20.2
21.39
22.58
23.75
24.92
26.09
26.33
26.58
26.83
26.29
25.75
25.21
24.75
24.29
23.83
23.22
22.6
21.99
21.31
20.64
19.96
19.59
19.22
18.85
19.78
20.71
21.65
22.62
23.59
24.57
24.74
24.92
25.1
24.7
24.29
23.89
23.43
22.96
22.5
21.76
21.02
20.28
19.68
19.07
18.47
18.01
17.55
17.1
18.48
19.86
21.25
22.27
23.3
24.33
24.65
24.97
25.29
24.95
24.61
24.27
23.76
23.26
22.75
22.18
21.6
21.03
21.61
22.19
22.77
22.58
22.39
22.2
21.97
21.74
21.52
22.75
23.98
25.22
25.65
26.08
26.51
26.01
25.51
25.01
24.36
23.7
23.05
23.11
23.18
23.24
22.68
22.12
21.56
20.68
19.8
18.92
19.97
21.02
22.07
23.53
25
26.47
26.7
26.93
27.16
26.59
26.02
25.45
24.55
23.64
22.74
22.75
22.77
22.78
22.23
21.69
21.14
20.15
19.16
18.17
19.27
20.38
21.49
23.1
24.71
26.32
26.54
26.76
26.98
26.33
25.67
25.02
24.05
23.07
22.1
22.36
22.61
22.87
22.23
21.58
20.94
19.67
18.41
17.15
18.63
20.11
21.59
23.08
24.57
26.06
26.19
26.33
26.47
25.88
25.29
24.7
24.09
23.48
22.87
22.11
21.36
20.6
20.02
19.45
18.87
18.61
18.36
18.11
19.22
20.33
21.44
22.55
23.66
24.77
24.9
25.04
25.18
24.53
23.88
23.24
22.82
22.39
21.97
21.21
20.44
19.68
19.07
18.45
17.84
17.4
16.97
16.54
17.91
19.28
20.66
22.51
24.36
26.22
26.64
27.07
27.5
26.91
26.31
25.72
25.18
24.65
24.11
23.71
23.3
22.9
22.57
22.23
21.9
21.02
20.14
19.27
20.44
21.61
22.79
24.55
26.32
28.09
28.33
28.58
28.82
27.98
27.13
26.29
25.66
25.04
24.41
24.02
23.64
23.25
23.59
23.94
24.28
23.58
22.89
22.2
22.72
23.24
23.77
25.46
27.15
28.84
28.85
28.87
28.89
27.73
26.57
25.41
24.93
24.44
23.96
23.5
23.05
22.59
23.05
23.51
23.97
23.3
22.63
21.96
22.57
23.18
23.8
25.53
27.26
29
29.07
29.15
29.22
28.19
27.16
26.13
25.54
24.95
24.36
23.91
23.45
23
23.34
23.69
24.03
24.19
24.36
24.53
24.26
23.99
23.72
25.84
27.96
30.09
30.11
30.14
30.17
29.02
27.87
26.72
26.03
25.33
24.64
24.54
24.44
24.34
24.62
24.91
25.19
25.09
25
24.91
24.48
24.05
23.63
25.62
27.61
29.61
29.62
29.64
29.66
28.51
27.36
26.21
25.44
24.66
23.89
23.78
23.66
23.55
23.67
23.79
23.91
23.73
23.55
23.38
23.2
23.02
22.84
24.86
26.88
28.9
29.05
29.2
29.35
28.37
27.38
26.4
25.57
24.75
23.92
23.98
24.04
24.1
24.11
24.12
24.13
23.85
23.57
23.29
22.75
22.22
21.69
24.05
26.42
28.79
28.89
28.99
29.09
28.03
26.96
25.9
24.95
23.99
23.04
23.39
23.73
24.08
24.07
24.07
24.06
23.85
23.65
23.44
23.22
23
22.79
25.12
27.46
29.8
29.98
30.16
30.33
29.22
28.1
26.98
26
24.17
24.24
24.31
24.38
24.45
24.51
24.58
24.65
24.72
24.79
24.86
24.93
25
25.06
25.13
25.2
30.27
30.33
30.39
30.45
29.17
27.88
26.59
25.74
24.89
24.05
23.83
23.61
23.39
23.7
24
24.31
24.47
24.63
24.79
24.5
24.21
23.92
26.12
28.32
30.52
30.65
30.77
30.89
29.59
28.29
26.99
26.15
25.31
24.48
23.83
23.19
22.54
23.09
23.64
24.19
24.31
24.43
24.55
24.26
23.98
23.7
25.78
27.86
29.94
30.2
30.46
30.71
29.57
28.42
27.28
26.31
25.35
24.39
24.21
24.04
23.86
24.07
24.29
24.5
24.37
24.23
24.1
23.62
23.14
22.66
24.49
26.33
28.17
28.6
29.03
29.46
28.4
27.34
26.28
25.55
24.82
24.1
23.46
22.82
22.18
22.53
22.88
23.23
22.35
21.48
20.6
21.52
22.44
23.36
24.66
25.96
27.26
27.74
28.21
28.68
27.6
26.51
25.43
24.78
24.13
23.48
22.83
22.19
21.55
21.77
21.99
22.21
21.81
21.41
21.01
21.56
22.11
22.67
24.34
26.02
27.69
28
28.31
28.62
27.56
26.5
25.44
24.92
24.41
23.9
23.25
22.61
21.97
22.23
22.49
22.75
22.31
21.88
21.44
22.13
22.82
23.52
25.15
26.79
28.43
28.62
28.81
29
28.12
27.23
26.35
25.74
25.13
24.52
23.89
23.27
22.64
22.36
22.08
21.8
21.53
21.25
20.98
21.77
22.56
23.35
25.24
27.14
29.04
29.14
29.23
29.32
28.26
27.2
26.14
25.38
24.62
23.87
23.78
23.69
23.6
23.6
23.61
23.61
22.58
21.55
20.52
21.45
22.39
23.33
25.4
27.48
29.55
29.54
29.53
29.51
28.43
27.34
26.25
25.68
25.11
24.54
23.78
23.03
22.28
22.44
22.61
22.77
22.13
21.49
20.85
22.13
23.42
24.71
26.34
27.97
29.6
29.61
29.62
29.62
28.64
27.66
26.68
26.25
25.82
25.39
24.75
24.12
23.49
23.47
23.44
23.42
23.28
23.14
23
23.72
24.44
25.17
26.62
28.08
29.53
29.65
29.76
29.87
29.08
28.28
27.48
27.11
26.75
26.39
26.19
25.99
25.79
25.54
25.29
25.04
24.69
24.34
23.99
24.79
25.59
26.39
27.34
28.3
29.25
29.62
29.99
30.36
29.56
28.75
27.95
27.52
27.1
26.68
26.45
26.23
26.01
25.79
25.58
25.36
25.53
25.7
25.87
26.16
26.45
26.74
27.52
28.31
29.1
29.25
29.4
29.55
28.6
27.64
26.69
26.3
25.92
25.54
25.33
25.13
24.93
24.93
24.94
24.94
24.98
25.01
25.05
25.41
25.78
26.15
26.83
27.52
28.21
28.52
28.83
29.13
28.68
28.22
27.76
27.5
27.24
26.98
26.58
26.19
25.79
25.75
25.71
25.67
25.33
24.99
24.65
24.49
24.33
24.18
24.93
25.69
26.45
26.65
26.84
27.03
26.67
26.31
25.95
25.14
24.33
23.52
22.52
21.53
20.53
19.87
19.2
18.54
18.1
17.67
17.23
17.73
18.24
18.75
20.16
21.58
23
23.45
23.9
24.35
24.02
23.68
23.35
22.85
22.35
21.86
21.03
20.21
19.38
19.38
19.38
19.38
18.94
18.51
18.07
18.67
19.28
19.89
21.37
22.86
24.35
24.56
24.77
24.98
24.32
23.66
23
22.41
21.83
21.25
20.88
20.52
20.15
20.9
21.66
22.41
22.38
22.35
22.32
21.85
21.38
20.92
22.18
23.45
24.72
25.16
25.6
26.03
25.64
25.25
24.86
24.2
23.54
22.88
21.98
21.09
20.19
20.47
20.75
21.03
20
18.97
17.94
18.54
19.15
19.76
21.41
23.06
24.71
24.96
25.2
25.44
24.74
24.03
23.33
22.69
22.05
21.42
20.47
19.53
18.59
18.53
18.47
18.41
18.28
18.16
18.03
18.46
18.89
19.32
21.02
22.73
24.44
24.75
25.06
25.36
24.55
23.74
22.93
22.42
21.91
21.41
20.6
19.8
18.99
19.18
19.36
19.55
19.38
19.21
19.04
19.34
19.64
19.95
21.45
22.96
24.46
24.85
25.23
25.61
25.13
24.64
24.15
23.79
23.44
23.09
22.35
21.62
20.88
20.84
20.79
20.75
20.42
20.1
19.77
20
20.24
20.48
21.47
22.47
23.47
23.72
23.97
24.22
23.6
22.97
22.34
22.22
22.1
21.99
21.34
20.7
20.06
19.64
19.22
18.8
18.35
17.91
17.46
17.67
17.88
18.1
19.01
19.93
20.85
20.95
21.04
21.13
21.09
21.05
21.01
20.63
20.25
19.87
19.14
18.41
17.68
17.15
16.63
16.1
15.6
15.1
14.6
14.79
14.99
15.19
16.26
17.34
18.42
18.78
19.14
19.49
19.11
18.73
18.35
17.88
17.41
16.94
16.43
15.93
15.43
15.12
14.8
14.49
14.33
14.18
14.02
14.68
15.35
16.02
17.25
18.48
19.71
19.88
20.05
20.22
19.54
18.85
18.16
17.85
17.54
17.23
16.61
15.99
15.37
14.92
14.46
14.01
13.75
13.5
13.24
13.98
14.72
15.46
17.15
18.85
20.55
21.03
21.5
21.97
21.53
21.08
20.63
20.03
19.44
18.85
18.08
17.32
16.55
16.07
15.58
15.1
14.74
14.37
14.01
14.81
15.62
16.43
18.25
20.07
21.89
22.29
22.69
23.08
22.53
21.98
21.43
20.82
20.22
19.62
19.13
18.65
18.17
18.85
19.53
20.21
19.82
19.43
19.04
18.77
18.5
18.23
20.12
22.01
23.9
24.17
24.44
24.71
24.08
23.44
22.8
22.44
22.08
21.73
21.01
20.3
19.58
19.57
19.55
19.54
19.19
18.84
18.49
19.26
20.04
20.82
22.36
23.9
25.44
25.66
25.87
26.08
25.41
24.74
24.07
23.72
23.37
23.02
22.35
21.69
21.02
20.96
20.9
20.84
20.41
19.98
19.55
20.36
21.18
22
23.61
25.23
26.85
27.05
27.25
27.44
26.59
25.74
24.89
24.48
24.07
23.67
22.99
22.32
21.64
22.24
22.85
23.45
22.36
21.26
20.17
21.22
22.27
23.32
24.85
26.38
27.92
27.96
28.01
28.05
27.24
26.42
25.6
25.23
24.36
24.06
23.75
23.44
23.13
22.82
22.51
22.21
