2017
2106
2189
2189
2178
2250
2428
2611
2756
2828
2856
2861
2883
2906
2900
2872
2783
2617
2484
2339
2184
2067
2023
2023
2017
2106
2189
2189
2178
2250
2428
2611
2756
2828
2856
2861
2883
2906
2900
2872
2783
2617
2484
2339
2184
2067
2023
2023
2017
2106
2189
2189
2178
2250
2428
2611
2756
2828
2856
2861
2883
2906
2900
2872
2783
2617
2484
2339
2184
2067
2023
2023
2017
2106
2189
2189
2178
2250
2428
2611
2756
2828
2856
2861
2883
2906
2900
2872
2783
2617
2484
2339
2184
2067
2023
2023
2017
2106
2189
2189
2178
2250
2428
2611
2756
2828
2856
2861
2883
2906
2900
2872
2783
2617
2484
2339
2184
2067
2023
2023
2017
2106
2189
2189
2178
2250
2428
2611
2756
2828
2856
2861
2883
2906
2900
2872
2783
2617
2484
2339
2184
2067
2023
2023
2017
2106
2189
2189
2178
2250
2428
2611
2756
2828
2856
2861
2883
2906
2900
2872
2783
2617
2484
2339
2184
2067
2023
2023
2017
2106
2189
2189
2178
2250
2428
2611
2756
2828
2856
2861
2883
2906
2900
2872
2783
2617
2484
2339
2184
2067
2023
2023
2017
2106
2189
2189
2178
2250
2428
2611
2756
2828
2856
2861
2883
2906
2900
2872
2783
2617
2484
2339
2184
2067
2023
2023
2017
2106
2189
2189
2178
2250
2428
2611
2756
2828
2856
2861
2883
2906
2900
2872
2783
2617
2484
2339
2184
2067
2023
2023
2017
2106
2189
2189
2178
2250
2428
2611
2756
2828
2856
2861
2883
2906
2900
2872
2783
2617
2484
2339
2184
2067
2023
2023
2017
2106
2189
2189
2178
2250
2428
2611
2756
2828
2856
2861
2883
2906
2900
2872
2783
2617
2484
2339
2184
2067
2023
2023
2017
2106
2189
2189
2178
2250
2428
2611
2756
2828
2856
2861
2883
2906
2900
2872
2783
2617
2484
2339
2184
2067
2023
2023
2017
2106
2189
2189
2178
2250
2428
2611
2756
2828
2856
2861
2883
2906
2900
2872
2783
2617
2484
2339
2184
2067
2023
2023
2017
2106
2189
2189
2178
2250
2428
2611
2756
2828
2856
2861
2883
2906
2900
2872
2783
2617
2484
2339
2184
2067
2023
2023
2017
2106
2189
2189
2178
2250
2428
2611
2756
2828
2856
2861
2883
2906
2900
2872
2783
2617
2484
2339
2184
2067
2023
2023
2017
2106
2189
2189
2178
2250
2428
2611
2756
2828
2856
2861
2883
2906
2900
2872
2783
2617
2484
2339
2184
2067
2023
2023
2017
2106
2189
2189
2178
2250
2428
2611
2756
2828
2856
2861
2883
2906
2900
2872
2783
2617
2484
2339
2184
2067
2023
2023
2017
2106
2189
2189
2178
2250
2428
2611
2756
2828
2856
2861
2883
2906
2900
2872
2783
2617
2484
2339
2184
2067
2023
2023
2017
2106
2189
2189
2178
2250
2428
2611
2756
2828
2856
2861
2883
2906
2900
2872
2783
2617
2484
2339
2184
2067
2023
2023
2017
2106
2189
2189
2178
2250
2428
2611
2756
2828
2856
2861
2883
2906
2900
2872
2783
2617
2484
2339
2184
2067
2023
2023
2017
2106
2189
2189
2178
2250
2428
2611
2756
2828
2856
2861
2883
2906
2900
2872
2783
2617
2484
2339
2184
2067
2023
2023
2017
2106
2189
2189
2178
2250
2428
2611
2756
2828
2856
2861
2883
2906
2900
2872
2783
2617
2484
2339
2184
2067
2023
2023
2017
2106
2189
2189
2178
2250
2428
2611
2756
2828
2856
2861
2883
2906
2900
2872
2783
2617
2484
2339
2184
2067
2023
2023
2017
2106
2189
2189
2178
2250
2428
2611
2756
2828
2856
2861
2883
2906
2900
2872
2783
2617
2484
2339
2184
2067
2023
2023
2017
2106
2189
2189
2178
2250
2428
2611
2756
2828
2856
2861
2883
2906
2900
2872
2783
2617
2484
2339
2184
2067
2023
2023
2017
2106
2189
2189
2178
2250
2428
2611
2756
2828
2856
2861
2883
2906
2900
2872
2783
2617
2484
2339
2184
2067
2023
2023
2017
2106
2189
2189
2178
2250
2428
2611
2756
2828
2856
2861
2883
2906
2900
2872
2783
2617
2484
2339
2184
2067
2023
2023
2017
2106
2189
2189
2178
2250
2428
2611
2756
2828
2856
2861
2883
2906
2900
2872
2783
2617
2484
2339
2184
2067
2023
2023
2017
2106
2189
2189
2178
2250
2428
2611
2756
2828
2856
2861
2883
2906
2900
2872
2783
2617
2484
2339
2184
2067
2023
2023
1191
1191
1279
1406
1456
1461
1527
1649
1770
1891
1991
2046
2084
2073
2040
1969
1847
1726
1654
1604
1483
1340
1285
1284
1191
1191
1279
1406
1456
1461
1527
1649
1770
1891
1991
2046
2084
2073
2040
1969
1847
1726
1654
1604
1483
1340
1285
1284
1191
1191
1279
1406
1456
1461
1527
1649
1770
1891
1991
2046
2084
2073
2040
1969
1847
1726
1654
1604
1483
1340
1285
1284
1191
1191
1279
1406
1456
1461
1527
1649
1770
1891
1991
2046
2084
2073
2040
1969
1847
1726
1654
1604
1483
1340
1285
1284
1191
1191
1279
1406
1456
1461
1527
1649
1770
1891
1991
2046
2084
2073
2040
1969
1847
1726
1654
1604
1483
1340
1285
1284
1191
1191
1279
1406
1456
1461
1527
1649
1770
1891
1991
2046
2084
2073
2040
1969
1847
1726
1654
1604
1483
1340
1285
1284
1191
1191
1279
1406
1456
1461
1527
1649
1770
1891
1991
2046
2084
2073
2040
1969
1847
1726
1654
1604
1483
1340
1285
1284
1191
1191
1279
1406
1456
1461
1527
1649
1770
1891
1991
2046
2084
2073
2040
1969
1847
1726
1654
1604
1483
1340
1285
1284
1191
1191
1279
1406
1456
1461
1527
1649
1770
1891
1991
2046
2084
2073
2040
1969
1847
1726
1654
1604
1483
1340
1285
1284
1191
1191
1279
1406
1456
1461
1527
1649
1770
1891
1991
2046
2084
2073
2040
1969
1847
1726
1654
1604
1483
1340
1285
1284
1191
1191
1279
1406
1456
1461
1527
1649
1770
1891
1991
2046
2084
2073
2040
1969
1847
1726
1654
1604
1483
1340
1285
1284
1191
1191
1279
1406
1456
1461
1527
1649
1770
1891
1991
2046
2084
2073
2040
1969
1847
1726
1654
1604
1483
1340
1285
1284
1191
1191
1279
1406
1456
1461
1527
1649
1770
1891
1991
2046
2084
2073
2040
1969
1847
1726
1654
1604
1483
1340
1285
1284
1191
1191
1279
1406
1456
1461
1527
1649
1770
1891
1991
2046
2084
2073
2040
1969
1847
1726
1654
1604
1483
1340
1285
1284
1191
1191
1279
1406
1456
1461
1527
1649
1770
1891
1991
2046
2084
2073
2040
1969
1847
1726
1654
1604
1483
1340
1285
1284
1191
1191
1279
1406
1456
1461
1527
1649
1770
1891
1991
2046
2084
2073
2040
1969
1847
1726
1654
1604
1483
1340
1285
1284
1191
1191
1279
1406
1456
1461
1527
1649
1770
1891
1991
2046
2084
2073
2040
1969
1847
1726
1654
1604
1483
1340
1285
1284
1191
1191
1279
1406
1456
1461
1527
1649
1770
1891
1991
2046
2084
2073
2040
1969
1847
1726
1654
1604
1483
1340
1285
1284
1191
1191
1279
1406
1456
1461
1527
1649
1770
1891
1991
2046
2084
2073
2040
1969
1847
1726
1654
1604
1483
1340
1285
1284
1191
1191
1279
1406
1456
1461
1527
1649
1770
1891
1991
2046
2084
2073
2040
1969
1847
1726
1654
1604
1483
1340
1285
1284
1191
1191
1279
1406
1456
1461
1527
1649
1770
1891
1991
2046
2084
2073
2040
1969
1847
1726
1654
1604
1483
1340
1285
1284
1191
1191
1279
1406
1456
1461
1527
1649
1770
1891
1991
2046
2084
2073
2040
1969
1847
1726
1654
1604
1483
1340
1285
1284
1191
1191
1279
1406
1456
1461
1527
1649
1770
1891
1991
2046
2084
2073
2040
1969
1847
1726
1654
1604
1483
1340
1285
1284
1191
1191
1279
1406
1456
1461
1527
1649
1770
1891
1991
2046
2084
2073
2040
1969
1847
1726
1654
1604
1483
1340
1285
1284
1191
1191
1279
1406
1456
1461
1527
1649
1770
1891
1991
2046
2084
2073
2040
1969
1847
1726
1654
1604
1483
1340
1285
1284
1191
1191
1279
1406
1456
1461
1527
1649
1770
1891
1991
2046
2084
2073
2040
1969
1847
1726
1654
1604
1483
1340
1285
1284
1191
1191
1279
1406
1456
1461
1527
1649
1770
1891
1991
2046
2084
2073
2040
1969
1847
1726
1654
1604
1483
1340
1285
1284
1191
1191
1279
1406
1456
1461
1527
1649
1770
1891
1991
2046
2084
2073
2040
1969
1847
1726
1654
1604
1483
1340
1285
1284
1191
1191
1279
1406
1456
1461
1527
1649
1770
1891
1991
2046
2084
2073
2040
1969
1847
1726
1654
1604
1483
1340
1285
1284
1191
1191
1279
1406
1456
1461
1527
1649
1770
1891
1991
2046
2084
2073
2040
1969
1847
1726
1654
1604
1483
1340
1285
1284
1592
1641
1740
1795
1795
1817
1905
2015
2114
2219
2268
2290
2290
2268
2235
2180
2081
1993
1949
1861
1740
1658
1636
1636
1592
1641
1740
1795
1795
1817
1905
2015
2114
2219
2268
2290
2290
2268
2235
2180
2081
1993
1949
1861
1740
1658
1636
1636
1592
1641
1740
1795
1795
1817
1905
2015
2114
2219
2268
2290
2290
2268
2235
2180
2081
1993
1949
1861
1740
1658
1636
1636
1592
1641
1740
1795
1795
1817
1905
2015
2114
2219
2268
2290
2290
2268
2235
2180
2081
1993
1949
1861
1740
1658
1636
1636
1592
1641
1740
1795
1795
1817
1905
2015
2114
2219
2268
2290
2290
2268
2235
2180
2081
1993
1949
1861
1740
1658
1636
1636
1592
1641
1740
1795
1795
1817
1905
2015
2114
2219
2268
2290
2290
2268
2235
2180
2081
1993
1949
1861
1740
1658
1636
1636
1592
1641
1740
1795
1795
1817
1905
2015
2114
2219
2268
2290
2290
2268
2235
2180
2081
1993
1949
1861
1740
1658
1636
1636
1592
1641
1740
1795
1795
1817
1905
2015
2114
2219
2268
2290
2290
2268
2235
2180
2081
1993
1949
1861
1740
1658
1636
1636
1592
1641
1740
1795
1795
1817
1905
2015
2114
2219
2268
2290
2290
2268
2235
2180
2081
1993
1949
1861
1740
1658
1636
1636
1592
1641
1740
1795
1795
1817
1905
2015
2114
2219
2268
2290
2290
2268
2235
2180
2081
1993
1949
1861
1740
1658
1636
1636
1592
1641
1740
1795
1795
1817
1905
2015
2114
2219
2268
2290
2290
2268
2235
2180
2081
1993
1949
1861
1740
1658
1636
1636
1592
1641
1740
1795
1795
1817
1905
2015
2114
2219
2268
2290
2290
2268
2235
2180
2081
1993
1949
1861
1740
1658
1636
1636
1592
1641
1740
1795
1795
1817
1905
2015
2114
2219
2268
2290
2290
2268
2235
2180
2081
1993
1949
1861
1740
1658
1636
1636
1592
1641
1740
1795
1795
1817
1905
2015
2114
2219
2268
2290
2290
2268
2235
2180
2081
1993
1949
1861
1740
1658
1636
1636
1592
1641
1740
1795
1795
1817
1905
2015
2114
2219
2268
2290
2290
2268
2235
2180
2081
1993
1949
1861
1740
1658
1636
1636
1592
1641
1740
1795
1795
1817
1905
2015
2114
2219
2268
2290
2290
2268
2235
2180
2081
1993
1949
1861
1740
1658
1636
1636
1592
1641
1740
1795
1795
1817
1905
2015
2114
2219
2268
2290
2290
2268
2235
2180
2081
1993
1949
1861
1740
1658
1636
1636
1592
1641
1740
1795
1795
1817
1905
2015
2114
2219
2268
2290
2290
2268
2235
2180
2081
1993
1949
1861
1740
1658
1636
1636
1592
1641
1740
1795
1795
1817
1905
2015
2114
2219
2268
2290
2290
2268
2235
2180
2081
1993
1949
1861
1740
1658
1636
1636
1592
1641
1740
1795
1795
1817
1905
2015
2114
2219
2268
2290
2290
2268
2235
2180
2081
1993
1949
1861
1740
1658
1636
1636
1592
1641
1740
1795
1795
1817
1905
2015
2114
2219
2268
2290
2290
2268
2235
2180
2081
1993
1949
1861
1740
1658
1636
1636
1592
1641
1740
1795
1795
1817
1905
2015
2114
2219
2268
2290
2290
2268
2235
2180
2081
1993
1949
1861
1740
1658
1636
1636
1592
1641
1740
1795
1795
1817
1905
2015
2114
2219
2268
2290
2290
2268
2235
2180
2081
1993
1949
1861
1740
1658
1636
1636
1592
1641
1740
1795
1795
1817
1905
2015
2114
2219
2268
2290
2290
2268
2235
2180
2081
1993
1949
1861
1740
1658
1636
1636
1592
1641
1740
1795
1795
1817
1905
2015
2114
2219
2268
2290
2290
2268
2235
2180
2081
1993
1949
1861
1740
1658
1636
1636
1592
1641
1740
1795
1795
1817
1905
2015
2114
2219
2268
2290
2290
2268
2235
2180
2081
1993
1949
1861
1740
1658
1636
1636
1592
1641
1740
1795
1795
1817
1905
2015
2114
2219
2268
2290
2290
2268
2235
2180
2081
1993
1949
1861
1740
1658
1636
1636
1592
1641
1740
1795
1795
1817
1905
2015
2114
2219
2268
2290
2290
2268
2235
2180
2081
1993
1949
1861
1740
1658
1636
1636
1592
1641
1740
1795
1795
1817
1905
2015
2114
2219
2268
2290
2290
2268
2235
2180
2081
1993
1949
1861
1740
1658
1636
1636
1592
1641
1740
1795
1795
1817
1905
2015
2114
2219
2268
2290
2290
2268
2235
2180
2081
1993
1949
1861
1740
1658
1636
1636
1705
1778
1873
1895
1906
1923
2012
2146
2269
2347
2386
2408
2408
2403
2375
2313
2213
2113
2046
1956
1811
1733
1688
1680
1705
1778
1873
1895
1906
1923
2012
2146
2269
2347
2386
2408
2408
2403
2375
2313
2213
2113
2046
1956
1811
1733
1688
1680
1705
1778
1873
1895
1906
1923
2012
2146
2269
2347
2386
2408
2408
2403
2375
2313
2213
2113
2046
1956
1811
1733
1688
1680
1705
1778
1873
1895
1906
1923
2012
2146
2269
2347
2386
2408
2408
2403
2375
2313
2213
2113
2046
1956
1811
1733
1688
1680
1705
1778
1873
1895
1906
1923
2012
2146
2269
2347
2386
2408
2408
2403
2375
2313
2213
2113
2046
1956
1811
1733
1688
1680
1705
1778
1873
1895
1906
1923
2012
2146
2269
2347
2386
2408
2408
2403
2375
2313
2213
2113
2046
1956
1811
1733
1688
1680
1705
1778
1873
1895
1906
1923
2012
2146
2269
2347
2386
2408
2408
2403
2375
2313
2213
2113
2046
1956
1811
1733
1688
1680
1705
1778
1873
1895
1906
1923
2012
2146
2269
2347
2386
2408
2408
2403
2375
2313
2213
2113
2046
1956
1811
1733
1688
1680
1705
1778
1873
1895
1906
1923
2012
2146
2269
2347
2386
2408
2408
2403
2375
2313
2213
2113
2046
1956
1811
1733
1688
1680
1705
1778
1873
1895
1906
1923
2012
2146
2269
2347
2386
2408
2408
2403
2375
2313
2213
2113
2046
1956
1811
1733
1688
1680
1705
1778
1873
1895
1906
1923
2012
2146
2269
2347
2386
2408
2408
2403
2375
2313
2213
2113
2046
1956
1811
1733
1688
1680
1705
1778
1873
1895
1906
1923
2012
2146
2269
2347
2386
2408
2408
2403
2375
2313
2213
2113
2046
1956
1811
1733
1688
1680
1705
1778
1873
1895
1906
1923
2012
2146
2269
2347
2386
2408
2408
2403
2375
2313
2213
2113
2046
1956
1811
1733
1688
1680
1705
1778
1873
1895
1906
1923
2012
2146
2269
2347
2386
2408
2408
2403
2375
2313
2213
2113
2046
1956
1811
1733
1688
1680
1705
1778
1873
1895
1906
1923
2012
2146
2269
2347
2386
2408
2408
2403
2375
2313
2213
2113
2046
1956
1811
1733
1688
1680
1705
1778
1873
1895
1906
1923
2012
2146
2269
2347
2386
2408
2408
2403
2375
2313
2213
2113
2046
1956
1811
1733
1688
1680
1705
1778
1873
1895
1906
1923
2012
2146
2269
2347
2386
2408
2408
2403
2375
2313
2213
2113
2046
1956
1811
1733
1688
1680
1705
1778
1873
1895
1906
1923
2012
2146
2269
2347
2386
2408
2408
2403
2375
2313
2213
2113
2046
1956
1811
1733
1688
1680
1705
1778
1873
1895
1906
1923
2012
2146
2269
2347
2386
2408
2408
2403
2375
2313
2213
2113
2046
1956
1811
1733
1688
1680
1705
1778
1873
1895
1906
1923
2012
2146
2269
2347
2386
2408
2408
2403
2375
2313
2213
2113
2046
1956
1811
1733
1688
1680
1705
1778
1873
1895
1906
1923
2012
2146
2269
2347
2386
2408
2408
2403
2375
2313
2213
2113
2046
1956
1811
1733
1688
1680
1705
1778
1873
1895
1906
1923
2012
2146
2269
2347
2386
2408
2408
2403
2375
2313
2213
2113
2046
1956
1811
1733
1688
1680
1705
1778
1873
1895
1906
1923
2012
2146
2269
2347
2386
2408
2408
2403
2375
2313
2213
2113
2046
1956
1811
1733
1688
1680
1705
1778
1873
1895
1906
1923
2012
2146
2269
2347
2386
2408
2408
2403
2375
2313
2213
2113
2046
1956
1811
1733
1688
1680
1705
1778
1873
1895
1906
1923
2012
2146
2269
2347
2386
2408
2408
2403
2375
2313
2213
2113
2046
1956
1811
1733
1688
1680
1705
1778
1873
1895
1906
1923
2012
2146
2269
2347
2386
2408
2408
2403
2375
2313
2213
2113
2046
1956
1811
1733
1688
1680
1705
1778
1873
1895
1906
1923
2012
2146
2269
2347
2386
2408
2408
2403
2375
2313
2213
2113
2046
1956
1811
1733
1688
1680
1705
1778
1873
1895
1906
1923
2012
2146
2269
2347
2386
2408
2408
2403
2375
2313
2213
2113
2046
1956
1811
1733
1688
1680
1705
1778
1873
1895
1906
1923
2012
2146
2269
2347
2386
2408
2408
2403
2375
2313
2213
2113
2046
1956
1811
1733
1688
1680
1705
1778
1873
1895
1906
1923
2012
2146
2269
2347
2386
2408
2408
2403
2375
2313
2213
2113
2046
1956
1811
1733
1688
1680
1849
1933
2000
2005
2005
2039
2162
2324
2436
2525
2570
2592
2609
2620
2614
2581
2469
2341
2257
2150
2000
1916
1899
1899
1849
1933
2000
2005
2005
2039
2162
2324
2436
2525
2570
2592
2609
2620
2614
2581
2469
2341
2257
2150
2000
1916
1899
1899
1849
1933
2000
2005
2005
2039
2162
2324
2436
2525
2570
2592
2609
2620
2614
2581
2469
2341
2257
2150
2000
1916
1899
1899
1849
1933
2000
2005
2005
2039
2162
2324
2436
2525
2570
2592
2609
2620
2614
2581
2469
2341
2257
2150
2000
1916
1899
1899
1849
1933
2000
2005
2005
2039
2162
2324
2436
2525
2570
2592
2609
2620
2614
2581
2469
2341
2257
2150
2000
1916
1899
1899
1849
1933
2000
2005
2005
2039
2162
2324
2436
2525
2570
2592
2609
2620
2614
2581
2469
2341
2257
2150
2000
1916
1899
1899
1849
1933
2000
2005
2005
2039
2162
2324
2436
2525
2570
2592
2609
2620
2614
2581
2469
2341
2257
2150
2000
1916
1899
1899
1849
1933
2000
2005
2005
2039
2162
2324
2436
2525
2570
2592
2609
2620
2614
2581
2469
2341
2257
2150
2000
1916
1899
1899
1849
1933
2000
2005
2005
2039
2162
2324
2436
2525
2570
2592
2609
2620
2614
2581
2469
2341
2257
2150
2000
1916
1899
1899
1849
1933
2000
2005
2005
2039
2162
2324
2436
2525
2570
2592
2609
2620
2614
2581
2469
2341
2257
2150
2000
1916
1899
1899
1849
1933
2000
2005
2005
2039
2162
2324
2436
2525
2570
2592
2609
2620
2614
2581
2469
2341
2257
2150
2000
1916
1899
1899
1849
1933
2000
2005
2005
2039
2162
2324
2436
2525
2570
2592
2609
2620
2614
2581
2469
2341
2257
2150
2000
1916
1899
1899
1849
1933
2000
2005
2005
2039
2162
2324
2436
2525
2570
2592
2609
2620
2614
2581
2469
2341
2257
2150
2000
1916
1899
1899
1849
1933
2000
2005
2005
2039
2162
2324
2436
2525
2570
2592
2609
2620
2614
2581
2469
2341
2257
2150
2000
1916
1899
1899
1849
1933
2000
2005
2005
2039
2162
2324
2436
2525
2570
2592
2609
2620
2614
2581
2469
2341
2257
2150
2000
1916
1899
1899
1849
1933
2000
2005
2005
2039
2162
2324
2436
2525
2570
2592
2609
2620
2614
2581
2469
2341
2257
2150
2000
1916
1899
1899
1849
1933
2000
2005
2005
2039
2162
2324
2436
2525
2570
2592
2609
2620
2614
2581
2469
2341
2257
2150
2000
1916
1899
1899
1849
1933
2000
2005
2005
2039
2162
2324
2436
2525
2570
2592
2609
2620
2614
2581
2469
2341
2257
2150
2000
1916
1899
1899
1849
1933
2000
2005
2005
2039
2162
2324
2436
2525
2570
2592
2609
2620
2614
2581
2469
2341
2257
2150
2000
1916
1899
1899
1849
1933
2000
2005
2005
2039
2162
2324
2436
2525
2570
2592
2609
2620
2614
2581
2469
2341
2257
2150
2000
1916
1899
1899
1849
1933
2000
2005
2005
2039
2162
2324
2436
2525
2570
2592
2609
2620
2614
2581
2469
2341
2257
2150
2000
1916
1899
1899
1849
1933
2000
2005
2005
2039
2162
2324
2436
2525
2570
2592
2609
2620
2614
2581
2469
2341
2257
2150
2000
1916
1899
1899
1849
1933
2000
2005
2005
2039
2162
2324
2436
2525
2570
2592
2609
2620
2614
2581
2469
2341
2257
2150
2000
1916
1899
1899
1849
1933
2000
2005
2005
2039
2162
2324
2436
2525
2570
2592
2609
2620
2614
2581
2469
2341
2257
2150
2000
1916
1899
1899
1849
1933
2000
2005
2005
2039
2162
2324
2436
2525
2570
2592
2609
2620
2614
2581
2469
2341
2257
2150
2000
1916
1899
1899
1849
1933
2000
2005
2005
2039
2162
2324
2436
2525
2570
2592
2609
2620
2614
2581
2469
2341
2257
2150
2000
1916
1899
1899
1849
1933
2000
2005
2005
2039
2162
2324
2436
2525
2570
2592
2609
2620
2614
2581
2469
2341
2257
2150
2000
1916
1899
1899
1849
1933
2000
2005
2005
2039
2162
2324
2436
2525
2570
2592
2609
2620
2614
2581
2469
2341
2257
2150
2000
1916
1899
1899
1849
1933
2000
2005
2005
2039
2162
2324
2436
2525
2570
2592
2609
2620
2614
2581
2469
2341
2257
2150
2000
1916
1899
1899
1849
1933
2000
2005
2005
2039
2162
2324
2436
2525
2570
2592
2609
2620
2614
2581
2469
2341
2257
2150
2000
1916
1899
1899
2017
2106
2189
2189
2178
2250
2428
2611
2756
2828
2856
2861
2883
2906
2900
2872
2783
2617
2484
2339
2184
2067
2023
2023
2017
2106
2189
2189
2178
2250
2428
2611
2756
2828
2856
2861
2883
2906
2900
2872
2783
2617
2484
2339
2184
2067
2023
2023
2017
2106
2189
2189
2178
2250
2428
2611
2756
2828
2856
2861
2883
2906
2900
2872
2783
2617
2484
2339
2184
2067
2023
2023
2017
2106
2189
2189
2178
2250
2428
2611
2756
2828
2856
2861
2883
2906
2900
2872
2783
2617
2484
2339
2184
2067
2023
2023
2017
2106
2189
2189
2178
2250
2428
2611
2756
2828
2856
2861
2883
2906
2900
2872
2783
2617
2484
2339
2184
2067
2023
2023
2017
2106
2189
2189
2178
2250
2428
2611
2756
2828
2856
2861
2883
2906
2900
2872
2783
2617
2484
2339
2184
2067
2023
2023
2017
2106
2189
2189
2178
2250
2428
2611
2756
2828
2856
2861
2883
2906
2900
2872
2783
2617
2484
2339
2184
2067
2023
2023
2017
2106
2189
2189
2178
2250
2428
2611
2756
2828
2856
2861
2883
2906
2900
2872
2783
2617
2484
2339
2184
2067
2023
2023
2017
2106
2189
2189
2178
2250
2428
2611
2756
2828
2856
2861
2883
2906
2900
2872
2783
2617
2484
2339
2184
2067
2023
2023
2017
2106
2189
2189
2178
2250
2428
2611
2756
2828
2856
2861
2883
2906
2900
2872
2783
2617
2484
2339
2184
2067
2023
2023
2017
2106
2189
2189
2178
2250
2428
2611
2756
2828
2856
2861
2883
2906
2900
2872
2783
2617
2484
2339
2184
2067
2023
2023
2017
2106
2189
2189
2178
2250
2428
2611
2756
2828
2856
2861
2883
2906
2900
2872
2783
2617
2484
2339
2184
2067
2023
2023
2017
2106
2189
2189
2178
2250
2428
2611
2756
2828
2856
2861
2883
2906
2900
2872
2783
2617
2484
2339
2184
2067
2023
2023
2017
2106
2189
2189
2178
2250
2428
2611
2756
2828
2856
2861
2883
2906
2900
2872
2783
2617
2484
2339
2184
2067
2023
2023
2017
2106
2189
2189
2178
2250
2428
2611
2756
2828
2856
2861
2883
2906
2900
2872
2783
2617
2484
2339
2184
2067
2023
2023
2017
2106
2189
2189
2178
2250
2428
2611
2756
2828
2856
2861
2883
2906
2900
2872
2783
2617
2484
2339
2184
2067
2023
2023
2017
2106
2189
2189
2178
2250
2428
2611
2756
2828
2856
2861
2883
2906
2900
2872
2783
2617
2484
2339
2184
2067
2023
2023
2017
2106
2189
2189
2178
2250
2428
2611
2756
2828
2856
2861
2883
2906
2900
2872
2783
2617
2484
2339
2184
2067
2023
2023
2017
2106
2189
2189
2178
2250
2428
2611
2756
2828
2856
2861
2883
2906
2900
2872
2783
2617
2484
2339
2184
2067
2023
2023
2017
2106
2189
2189
2178
2250
2428
2611
2756
2828
2856
2861
2883
2906
2900
2872
2783
2617
2484
2339
2184
2067
2023
2023
2017
2106
2189
2189
2178
2250
2428
2611
2756
2828
2856
2861
2883
2906
2900
2872
2783
2617
2484
2339
2184
2067
2023
2023
2017
2106
2189
2189
2178
2250
2428
2611
2756
2828
2856
2861
2883
2906
2900
2872
2783
2617
2484
2339
2184
2067
2023
2023
2017
2106
2189
2189
2178
2250
2428
2611
2756
2828
2856
2861
2883
2906
2900
2872
2783
2617
2484
2339
2184
2067
2023
2023
2017
2106
2189
2189
2178
2250
2428
2611
2756
2828
2856
2861
2883
2906
2900
2872
2783
2617
2484
2339
2184
2067
2023
2023
2017
2106
2189
2189
2178
2250
2428
2611
2756
2828
2856
2861
2883
2906
2900
2872
2783
2617
2484
2339
2184
2067
2023
2023
2017
2106
2189
2189
2178
2250
2428
2611
2756
2828
2856
2861
2883
2906
2900
2872
2783
2617
2484
2339
2184
2067
2023
2023
2017
2106
2189
2189
2178
2250
2428
2611
2756
2828
2856
2861
2883
2906
2900
2872
2783
2617
2484
2339
2184
2067
2023
2023
2017
2106
2189
2189
2178
2250
2428
2611
2756
2828
2856
2861
2883
2906
2900
2872
2783
2617
2484
2339
2184
2067
2023
2023
2017
2106
2189
2189
2178
2250
2428
2611
2756
2828
2856
2861
2883
2906
2900
2872
2783
2617
2484
2339
2184
2067
2023
2023
2017
2106
2189
2189
2178
2250
2428
2611
2756
2828
2856
2861
2883
2906
2900
2872
2783
2617
2484
2339
2184
2067
2023
2023
1954
2025
2091
2091
2097
2169
2339
2521
2664
2763
2813
2824
2840
2873
2873
2840
2752
2582
2433
2290
2113
2014
1987
1987
1954
2025
2091
2091
2097
2169
2339
2521
2664
2763
2813
2824
2840
2873
2873
2840
2752
2582
2433
2290
2113
2014
1987
1987
1954
2025
2091
2091
2097
2169
2339
2521
2664
2763
2813
2824
2840
2873
2873
2840
2752
2582
2433
2290
2113
2014
1987
1987
1954
2025
2091
2091
2097
2169
2339
2521
2664
2763
2813
2824
2840
2873
2873
2840
2752
2582
2433
2290
2113
2014
1987
1987
1954
2025
2091
2091
2097
2169
2339
2521
2664
2763
2813
2824
2840
2873
2873
2840
2752
2582
2433
2290
2113
2014
1987
1987
1954
2025
2091
2091
2097
2169
2339
2521
2664
2763
2813
2824
2840
2873
2873
2840
2752
2582
2433
2290
2113
2014
1987
1987
1954
2025
2091
2091
2097
2169
2339
2521
2664
2763
2813
2824
2840
2873
2873
2840
2752
2582
2433
2290
2113
2014
1987
1987
1954
2025
2091
2091
2097
2169
2339
2521
2664
2763
2813
2824
2840
2873
2873
2840
2752
2582
2433
2290
2113
2014
1987
1987
1954
2025
2091
2091
2097
2169
2339
2521
2664
2763
2813
2824
2840
2873
2873
2840
2752
2582
2433
2290
2113
2014
1987
1987
1954
2025
2091
2091
2097
2169
2339
2521
2664
2763
2813
2824
2840
2873
2873
2840
2752
2582
2433
2290
2113
2014
1987
1987
1954
2025
2091
2091
2097
2169
2339
2521
2664
2763
2813
2824
2840
2873
2873
2840
2752
2582
2433
2290
2113
2014
1987
1987
1954
2025
2091
2091
2097
2169
2339
2521
2664
2763
2813
2824
2840
2873
2873
2840
2752
2582
2433
2290
2113
2014
1987
1987
1954
2025
2091
2091
2097
2169
2339
2521
2664
2763
2813
2824
2840
2873
2873
2840
2752
2582
2433
2290
2113
2014
1987
1987
1954
2025
2091
2091
2097
2169
2339
2521
2664
2763
2813
2824
2840
2873
2873
2840
2752
2582
2433
2290
2113
2014
1987
1987
1954
2025
2091
2091
2097
2169
2339
2521
2664
2763
2813
2824
2840
2873
2873
2840
2752
2582
2433
2290
2113
2014
1987
1987
1954
2025
2091
2091
2097
2169
2339
2521
2664
2763
2813
2824
2840
2873
2873
2840
2752
2582
2433
2290
2113
2014
1987
1987
1954
2025
2091
2091
2097
2169
2339
2521
2664
2763
2813
2824
2840
2873
2873
2840
2752
2582
2433
2290
2113
2014
1987
1987
1954
2025
2091
2091
2097
2169
2339
2521
2664
2763
2813
2824
2840
2873
2873
2840
2752
2582
2433
2290
2113
2014
1987
1987
1954
2025
2091
2091
2097
2169
2339
2521
2664
2763
2813
2824
2840
2873
2873
2840
2752
2582
2433
2290
2113
2014
1987
1987
1954
2025
2091
2091
2097
2169
2339
2521
2664
2763
2813
2824
2840
2873
2873
2840
2752
2582
2433
2290
2113
2014
1987
1987
1954
2025
2091
2091
2097
2169
2339
2521
2664
2763
2813
2824
2840
2873
2873
2840
2752
2582
2433
2290
2113
2014
1987
1987
1954
2025
2091
2091
2097
2169
2339
2521
2664
2763
2813
2824
2840
2873
2873
2840
2752
2582
2433
2290
2113
2014
1987
1987
1954
2025
2091
2091
2097
2169
2339
2521
2664
2763
2813
2824
2840
2873
2873
2840
2752
2582
2433
2290
2113
2014
1987
1987
1954
2025
2091
2091
2097
2169
2339
2521
2664
2763
2813
2824
2840
2873
2873
2840
2752
2582
2433
2290
2113
2014
1987
1987
1954
2025
2091
2091
2097
2169
2339
2521
2664
2763
2813
2824
2840
2873
2873
2840
2752
2582
2433
2290
2113
2014
1987
1987
1954
2025
2091
2091
2097
2169
2339
2521
2664
2763
2813
2824
2840
2873
2873
2840
2752
2582
2433
2290
2113
2014
1987
1987
1954
2025
2091
2091
2097
2169
2339
2521
2664
2763
2813
2824
2840
2873
2873
2840
2752
2582
2433
2290
2113
2014
1987
1987
1954
2025
2091
2091
2097
2169
2339
2521
2664
2763
2813
2824
2840
2873
2873
2840
2752
2582
2433
2290
2113
2014
1987
1987
1954
2025
2091
2091
2097
2169
2339
2521
2664
2763
2813
2824
2840
2873
2873
2840
2752
2582
2433
2290
2113
2014
1987
1987
1954
2025
2091
2091
2097
2169
2339
2521
2664
2763
2813
2824
2840
2873
2873
2840
2752
2582
2433
2290
2113
2014
1987
1987
2087
2165
2238
2232
2243
2299
2467
2679
2847
2969
3036
3070
3081
3081
3076
3025
2874
2701
2595
2444
2260
2148
2121
2121
2087
2165
2238
2232
2243
2299
2467
2679
2847
2969
3036
3070
3081
3081
3076
3025
2874
2701
2595
2444
2260
2148
2121
2121
2087
2165
2238
2232
2243
2299
2467
2679
2847
2969
3036
3070
3081
3081
3076
3025
2874
2701
2595
2444
2260
2148
2121
2121
2087
2165
2238
2232
2243
2299
2467
2679
2847
2969
3036
3070
3081
3081
3076
3025
2874
2701
2595
2444
2260
2148
2121
2121
2087
2165
2238
2232
2243
2299
2467
2679
2847
2969
3036
3070
3081
3081
3076
3025
2874
2701
2595
2444
2260
2148
2121
2121
2087
2165
2238
2232
2243
2299
2467
2679
2847
2969
3036
3070
3081
3081
3076
3025
2874
2701
2595
2444
2260
2148
2121
2121
2087
2165
2238
2232
2243
2299
2467
2679
2847
2969
3036
3070
3081
3081
3076
3025
2874
2701
2595
2444
2260
2148
2121
2121
2087
2165
2238
2232
2243
2299
2467
2679
2847
2969
3036
3070
3081
3081
3076
3025
2874
2701
2595
2444
2260
2148
2121
2121
2087
2165
2238
2232
2243
2299
2467
2679
2847
2969
3036
3070
3081
3081
3076
3025
2874
2701
2595
2444
2260
2148
2121
2121
2087
2165
2238
2232
2243
2299
2467
2679
2847
2969
3036
3070
3081
3081
3076
3025
2874
2701
2595
2444
2260
2148
2121
2121
2087
2165
2238
2232
2243
2299
2467
2679
2847
2969
3036
3070
3081
3081
3076
3025
2874
2701
2595
2444
2260
2148
2121
2121
2087
2165
2238
2232
2243
2299
2467
2679
2847
2969
3036
3070
3081
3081
3076
3025
2874
2701
2595
2444
2260
2148
2121
2121
2087
2165
2238
2232
2243
2299
2467
2679
2847
2969
3036
3070
3081
3081
3076
3025
2874
2701
2595
2444
2260
2148
2121
2121
2087
2165
2238
2232
2243
2299
2467
2679
2847
2969
3036
3070
3081
3081
3076
3025
2874
2701
2595
2444
2260
2148
2121
2121
2087
2165
2238
2232
2243
2299
2467
2679
2847
2969
3036
3070
3081
3081
3076
3025
2874
2701
2595
2444
2260
2148
2121
2121
2087
2165
2238
2232
2243
2299
2467
2679
2847
2969
3036
3070
3081
3081
3076
3025
2874
2701
2595
2444
2260
2148
2121
2121
2087
2165
2238
2232
2243
2299
2467
2679
2847
2969
3036
3070
3081
3081
3076
3025
2874
2701
2595
2444
2260
2148
2121
2121
2087
2165
2238
2232
2243
2299
2467
2679
2847
2969
3036
3070
3081
3081
3076
3025
2874
2701
2595
2444
2260
2148
2121
2121
2087
2165
2238
2232
2243
2299
2467
2679
2847
2969
3036
3070
3081
3081
3076
3025
2874
2701
2595
2444
2260
2148
2121
2121
2087
2165
2238
2232
2243
2299
2467
2679
2847
2969
3036
3070
3081
3081
3076
3025
2874
2701
2595
2444
2260
2148
2121
2121
2087
2165
2238
2232
2243
2299
2467
2679
2847
2969
3036
3070
3081
3081
3076
3025
2874
2701
2595
2444
2260
2148
2121
2121
2087
2165
2238
2232
2243
2299
2467
2679
2847
2969
3036
3070
3081
3081
3076
3025
2874
2701
2595
2444
2260
2148
2121
2121
2087
2165
2238
2232
2243
2299
2467
2679
2847
2969
3036
3070
3081
3081
3076
3025
2874
2701
2595
2444
2260
2148
2121
2121
2087
2165
2238
2232
2243
2299
2467
2679
2847
2969
3036
3070
3081
3081
3076
3025
2874
2701
2595
2444
2260
2148
2121
2121
2087
2165
2238
2232
2243
2299
2467
2679
2847
2969
3036
3070
3081
3081
3076
3025
2874
2701
2595
2444
2260
2148
2121
2121
2087
2165
2238
2232
2243
2299
2467
2679
2847
2969
3036
3070
3081
3081
3076
3025
2874
2701
2595
2444
2260
2148
2121
2121
2087
2165
2238
2232
2243
2299
2467
2679
2847
2969
3036
3070
3081
3081
3076
3025
2874
2701
2595
2444
2260
2148
2121
2121
2087
2165
2238
2232
2243
2299
2467
2679
2847
2969
3036
3070
3081
3081
3076
3025
2874
2701
2595
2444
2260
2148
2121
2121
2087
2165
2238
2232
2243
2299
2467
2679
2847
2969
3036
3070
3081
3081
3076
3025
2874
2701
2595
2444
2260
2148
2121
2121
2087
2165
2238
2232
2243
2299
2467
2679
2847
2969
3036
3070
3081
3081
3076
3025
2874
2701
2595
2444
2260
2148
2121
2121
1916
2006
2085
2085
2073
2107
2242
2450
2612
2725
2781
2815
2843
2860
2854
2781
2624
2455
2365
2236
2085
1983
1927
1900
1916
2006
2085
2085
2073
2107
2242
2450
2612
2725
2781
2815
2843
2860
2854
2781
2624
2455
2365
2236
2085
1983
1927
1900
1916
2006
2085
2085
2073
2107
2242
2450
2612
2725
2781
2815
2843
2860
2854
2781
2624
2455
2365
2236
2085
1983
1927
1900
1916
2006
2085
2085
2073
2107
2242
2450
2612
2725
2781
2815
2843
2860
2854
2781
2624
2455
2365
2236
2085
1983
1927
1900
1916
2006
2085
2085
2073
2107
2242
2450
2612
2725
2781
2815
2843
2860
2854
2781
2624
2455
2365
2236
2085
1983
1927
1900
1916
2006
2085
2085
2073
2107
2242
2450
2612
2725
2781
2815
2843
2860
2854
2781
2624
2455
2365
2236
2085
1983
1927
1900
1916
2006
2085
2085
2073
2107
2242
2450
2612
2725
2781
2815
2843
2860
2854
2781
2624
2455
2365
2236
2085
1983
1927
1900
1916
2006
2085
2085
2073
2107
2242
2450
2612
2725
2781
2815
2843
2860
2854
2781
2624
2455
2365
2236
2085
1983
1927
1900
1916
2006
2085
2085
2073
2107
2242
2450
2612
2725
2781
2815
2843
2860
2854
2781
2624
2455
2365
2236
2085
1983
1927
1900
1916
2006
2085
2085
2073
2107
2242
2450
2612
2725
2781
2815
2843
2860
2854
2781
2624
2455
2365
2236
2085
1983
1927
1900
1916
2006
2085
2085
2073
2107
2242
2450
2612
2725
2781
2815
2843
2860
2854
2781
2624
2455
2365
2236
2085
1983
1927
1900
1916
2006
2085
2085
2073
2107
2242
2450
2612
2725
2781
2815
2843
2860
2854
2781
2624
2455
2365
2236
2085
1983
1927
1900
1916
2006
2085
2085
2073
2107
2242
2450
2612
2725
2781
2815
2843
2860
2854
2781
2624
2455
2365
2236
2085
1983
1927
1900
1916
2006
2085
2085
2073
2107
2242
2450
2612
2725
2781
2815
2843
2860
2854
2781
2624
2455
2365
2236
2085
1983
1927
1900
1916
2006
2085
2085
2073
2107
2242
2450
2612
2725
2781
2815
2843
2860
2854
2781
2624
2455
2365
2236
2085
1983
1927
1900
1916
2006
2085
2085
2073
2107
2242
2450
2612
2725
2781
2815
2843
2860
2854
2781
2624
2455
2365
2236
2085
1983
1927
1900
1916
2006
2085
2085
2073
2107
2242
2450
2612
2725
2781
2815
2843
2860
2854
2781
2624
2455
2365
2236
2085
1983
1927
1900
1916
2006
2085
2085
2073
2107
2242
2450
2612
2725
2781
2815
2843
2860
2854
2781
2624
2455
2365
2236
2085
1983
1927
1900
1916
2006
2085
2085
2073
2107
2242
2450
2612
2725
2781
2815
2843
2860
2854
2781
2624
2455
2365
2236
2085
1983
1927
1900
1916
2006
2085
2085
2073
2107
2242
2450
2612
2725
2781
2815
2843
2860
2854
2781
2624
2455
2365
2236
2085
1983
1927
1900
1916
2006
2085
2085
2073
2107
2242
2450
2612
2725
2781
2815
2843
2860
2854
2781
2624
2455
2365
2236
2085
1983
1927
1900
1916
2006
2085
2085
2073
2107
2242
2450
2612
2725
2781
2815
2843
2860
2854
2781
2624
2455
2365
2236
2085
1983
1927
1900
1916
2006
2085
2085
2073
2107
2242
2450
2612
2725
2781
2815
2843
2860
2854
2781
2624
2455
2365
2236
2085
1983
1927
1900
1916
2006
2085
2085
2073
2107
2242
2450
2612
2725
2781
2815
2843
2860
2854
2781
2624
2455
2365
2236
2085
1983
1927
1900
1916
2006
2085
2085
2073
2107
2242
2450
2612
2725
2781
2815
2843
2860
2854
2781
2624
2455
2365
2236
2085
1983
1927
1900
1916
2006
2085
2085
2073
2107
2242
2450
2612
2725
2781
2815
2843
2860
2854
2781
2624
2455
2365
2236
2085
1983
1927
1900
1916
2006
2085
2085
2073
2107
2242
2450
2612
2725
2781
2815
2843
2860
2854
2781
2624
2455
2365
2236
2085
1983
1927
1900
1916
2006
2085
2085
2073
2107
2242
2450
2612
2725
2781
2815
2843
2860
2854
2781
2624
2455
2365
2236
2085
1983
1927
1900
1916
2006
2085
2085
2073
2107
2242
2450
2612
2725
2781
2815
2843
2860
2854
2781
2624
2455
2365
2236
2085
1983
1927
1900
1916
2006
2085
2085
2073
2107
2242
2450
2612
2725
2781
2815
2843
2860
2854
2781
2624
2455
2365
2236
2085
1983
1927
1900
1723
1800
1867
1878
1872
1900
2011
2165
2304
2397
2464
2491
2514
2514
2480
2375
2221
2121
2044
1933
1806
1729
1707
1707
1723
1800
1867
1878
1872
1900
2011
2165
2304
2397
2464
2491
2514
2514
2480
2375
2221
2121
2044
1933
1806
1729
1707
1707
1723
1800
1867
1878
1872
1900
2011
2165
2304
2397
2464
2491
2514
2514
2480
2375
2221
2121
2044
1933
1806
1729
1707
1707
1723
1800
1867
1878
1872
1900
2011
2165
2304
2397
2464
2491
2514
2514
2480
2375
2221
2121
2044
1933
1806
1729
1707
1707
1723
1800
1867
1878
1872
1900
2011
2165
2304
2397
2464
2491
2514
2514
2480
2375
2221
2121
2044
1933
1806
1729
1707
1707
1723
1800
1867
1878
1872
1900
2011
2165
2304
2397
2464
2491
2514
2514
2480
2375
2221
2121
2044
1933
1806
1729
1707
1707
1723
1800
1867
1878
1872
1900
2011
2165
2304
2397
2464
2491
2514
2514
2480
2375
2221
2121
2044
1933
1806
1729
1707
1707
1723
1800
1867
1878
1872
1900
2011
2165
2304
2397
2464
2491
2514
2514
2480
2375
2221
2121
2044
1933
1806
1729
1707
1707
1723
1800
1867
1878
1872
1900
2011
2165
2304
2397
2464
2491
2514
2514
2480
2375
2221
2121
2044
1933
1806
1729
1707
1707
1723
1800
1867
1878
1872
1900
2011
2165
2304
2397
2464
2491
2514
2514
2480
2375
2221
2121
2044
1933
1806
1729
1707
1707
1723
1800
1867
1878
1872
1900
2011
2165
2304
2397
2464
2491
2514
2514
2480
2375
2221
2121
2044
1933
1806
1729
1707
1707
1723
1800
1867
1878
1872
1900
2011
2165
2304
2397
2464
2491
2514
2514
2480
2375
2221
2121
2044
1933
1806
1729
1707
1707
1723
1800
1867
1878
1872
1900
2011
2165
2304
2397
2464
2491
2514
2514
2480
2375
2221
2121
2044
1933
1806
1729
1707
1707
1723
1800
1867
1878
1872
1900
2011
2165
2304
2397
2464
2491
2514
2514
2480
2375
2221
2121
2044
1933
1806
1729
1707
1707
1723
1800
1867
1878
1872
1900
2011
2165
2304
2397
2464
2491
2514
2514
2480
2375
2221
2121
2044
1933
1806
1729
1707
1707
1723
1800
1867
1878
1872
1900
2011
2165
2304
2397
2464
2491
2514
2514
2480
2375
2221
2121
2044
1933
1806
1729
1707
1707
1723
1800
1867
1878
1872
1900
2011
2165
2304
2397
2464
2491
2514
2514
2480
2375
2221
2121
2044
1933
1806
1729
1707
1707
1723
1800
1867
1878
1872
1900
2011
2165
2304
2397
2464
2491
2514
2514
2480
2375
2221
2121
2044
1933
1806
1729
1707
1707
1723
1800
1867
1878
1872
1900
2011
2165
2304
2397
2464
2491
2514
2514
2480
2375
2221
2121
2044
1933
1806
1729
1707
1707
1723
1800
1867
1878
1872
1900
2011
2165
2304
2397
2464
2491
2514
2514
2480
2375
2221
2121
2044
1933
1806
1729
1707
1707
1723
1800
1867
1878
1872
1900
2011
2165
2304
2397
2464
2491
2514
2514
2480
2375
2221
2121
2044
1933
1806
1729
1707
1707
1723
1800
1867
1878
1872
1900
2011
2165
2304
2397
2464
2491
2514
2514
2480
2375
2221
2121
2044
1933
1806
1729
1707
1707
1723
1800
1867
1878
1872
1900
2011
2165
2304
2397
2464
2491
2514
2514
2480
2375
2221
2121
2044
1933
1806
1729
1707
1707
1723
1800
1867
1878
1872
1900
2011
2165
2304
2397
2464
2491
2514
2514
2480
2375
2221
2121
2044
1933
1806
1729
1707
1707
1723
1800
1867
1878
1872
1900
2011
2165
2304
2397
2464
2491
2514
2514
2480
2375
2221
2121
2044
1933
1806
1729
1707
1707
1723
1800
1867
1878
1872
1900
2011
2165
2304
2397
2464
2491
2514
2514
2480
2375
2221
2121
2044
1933
1806
1729
1707
1707
1723
1800
1867
1878
1872
1900
2011
2165
2304
2397
2464
2491
2514
2514
2480
2375
2221
2121
2044
1933
1806
1729
1707
1707
1723
1800
1867
1878
1872
1900
2011
2165
2304
2397
2464
2491
2514
2514
2480
2375
2221
2121
2044
1933
1806
1729
1707
1707
1723
1800
1867
1878
1872
1900
2011
2165
2304
2397
2464
2491
2514
2514
2480
2375
2221
2121
2044
1933
1806
1729
1707
1707
1723
1800
1867
1878
1872
1900
2011
2165
2304
2397
2464
2491
2514
2514
2480
2375
2221
2121
2044
1933
1806
1729
1707
1707
1546
1563
1640
1723
1745
1745
1823
1944
2066
2176
2265
2320
2348
2337
2276
2143
2011
1933
1883
1834
1734
1635
1563
1490
1546
1563
1640
1723
1745
1745
1823
1944
2066
2176
2265
2320
2348
2337
2276
2143
2011
1933
1883
1834
1734
1635
1563
1490
1546
1563
1640
1723
1745
1745
1823
1944
2066
2176
2265
2320
2348
2337
2276
2143
2011
1933
1883
1834
1734
1635
1563
1490
1546
1563
1640
1723
1745
1745
1823
1944
2066
2176
2265
2320
2348
2337
2276
2143
2011
1933
1883
1834
1734
1635
1563
1490
1546
1563
1640
1723
1745
1745
1823
1944
2066
2176
2265
2320
2348
2337
2276
2143
2011
1933
1883
1834
1734
1635
1563
1490
1546
1563
1640
1723
1745
1745
1823
1944
2066
2176
2265
2320
2348
2337
2276
2143
2011
1933
1883
1834
1734
1635
1563
1490
1546
1563
1640
1723
1745
1745
1823
1944
2066
2176
2265
2320
2348
2337
2276
2143
2011
1933
1883
1834
1734
1635
1563
1490
1546
1563
1640
1723
1745
1745
1823
1944
2066
2176
2265
2320
2348
2337
2276
2143
2011
1933
1883
1834
1734
1635
1563
1490
1546
1563
1640
1723
1745
1745
1823
1944
2066
2176
2265
2320
2348
2337
2276
2143
2011
1933
1883
1834
1734
1635
1563
1490
1546
1563
1640
1723
1745
1745
1823
1944
2066
2176
2265
2320
2348
2337
2276
2143
2011
1933
1883
1834
1734
1635
1563
1490
1546
1563
1640
1723
1745
1745
1823
1944
2066
2176
2265
2320
2348
2337
2276
2143
2011
1933
1883
1834
1734
1635
1563
1490
1546
1563
1640
1723
1745
1745
1823
1944
2066
2176
2265
2320
2348
2337
2276
2143
2011
1933
1883
1834
1734
1635
1563
1490
1546
1563
1640
1723
1745
1745
1823
1944
2066
2176
2265
2320
2348
2337
2276
2143
2011
1933
1883
1834
1734
1635
1563
1490
1546
1563
1640
1723
1745
1745
1823
1944
2066
2176
2265
2320
2348
2337
2276
2143
2011
1933
1883
1834
1734
1635
1563
1490
1546
1563
1640
1723
1745
1745
1823
1944
2066
2176
2265
2320
2348
2337
2276
2143
2011
1933
1883
1834
1734
1635
1563
1490
1546
1563
1640
1723
1745
1745
1823
1944
2066
2176
2265
2320
2348
2337
2276
2143
2011
1933
1883
1834
1734
1635
1563
1490
1546
1563
1640
1723
1745
1745
1823
1944
2066
2176
2265
2320
2348
2337
2276
2143
2011
1933
1883
1834
1734
1635
1563
1490
1546
1563
1640
1723
1745
1745
1823
1944
2066
2176
2265
2320
2348
2337
2276
2143
2011
1933
1883
1834
1734
1635
1563
1490
1546
1563
1640
1723
1745
1745
1823
1944
2066
2176
2265
2320
2348
2337
2276
2143
2011
1933
1883
1834
1734
1635
1563
1490
1546
1563
1640
1723
1745
1745
1823
1944
2066
2176
2265
2320
2348
2337
2276
2143
2011
1933
1883
1834
1734
1635
1563
1490
1546
1563
1640
1723
1745
1745
1823
1944
2066
2176
2265
2320
2348
2337
2276
2143
2011
1933
1883
1834
1734
1635
1563
1490
1546
1563
1640
1723
1745
1745
1823
1944
2066
2176
2265
2320
2348
2337
2276
2143
2011
1933
1883
1834
1734
1635
1563
1490
1546
1563
1640
1723
1745
1745
1823
1944
2066
2176
2265
2320
2348
2337
2276
2143
2011
1933
1883
1834
1734
1635
1563
1490
1546
1563
1640
1723
1745
1745
1823
1944
2066
2176
2265
2320
2348
2337
2276
2143
2011
1933
1883
1834
1734
1635
1563
1490
1546
1563
1640
1723
1745
1745
1823
1944
2066
2176
2265
2320
2348
2337
2276
2143
2011
1933
1883
1834
1734
1635
1563
1490
1546
1563
1640
1723
1745
1745
1823
1944
2066
2176
2265
2320
2348
2337
2276
2143
2011
1933
1883
1834
1734
1635
1563
1490
1546
1563
1640
1723
1745
1745
1823
1944
2066
2176
2265
2320
2348
2337
2276
2143
2011
1933
1883
1834
1734
1635
1563
1490
1546
1563
1640
1723
1745
1745
1823
1944
2066
2176
2265
2320
2348
2337
2276
2143
2011
1933
1883
1834
1734
1635
1563
1490
1546
1563
1640
1723
1745
1745
1823
1944
2066
2176
2265
2320
2348
2337
2276
2143
2011
1933
1883
1834
1734
1635
1563
1490
1546
1563
1640
1723
1745
1745
1823
1944
2066
2176
2265
2320
2348
2337
2276
2143
2011
1933
1883
1834
1734
1635
1563
1490
1372
1378
1471
1565
1587
1598
1647
1763
1851
1917
1988
2032
2054
2043
1999
1917
1807
1730
1697
1642
1532
1444
1389
1344
1372
1378
1471
1565
1587
1598
1647
1763
1851
1917
1988
2032
2054
2043
1999
1917
1807
1730
1697
1642
1532
1444
1389
1344
1372
1378
1471
1565
1587
1598
1647
1763
1851
1917
1988
2032
2054
2043
1999
1917
1807
1730
1697
1642
1532
1444
1389
1344
1372
1378
1471
1565
1587
1598
1647
1763
1851
1917
1988
2032
2054
2043
1999
1917
1807
1730
1697
1642
1532
1444
1389
1344
1372
1378
1471
1565
1587
1598
1647
1763
1851
1917
1988
2032
2054
2043
1999
1917
1807
1730
1697
1642
1532
1444
1389
1344
1372
1378
1471
1565
1587
1598
1647
1763
1851
1917
1988
2032
2054
2043
1999
1917
1807
1730
1697
1642
1532
1444
1389
1344
1372
1378
1471
1565
1587
1598
1647
1763
1851
1917
1988
2032
2054
2043
1999
1917
1807
1730
1697
1642
1532
1444
1389
1344
1372
1378
1471
1565
1587
1598
1647
1763
1851
1917
1988
2032
2054
2043
1999
1917
1807
1730
1697
1642
1532
1444
1389
1344
1372
1378
1471
1565
1587
1598
1647
1763
1851
1917
1988
2032
2054
2043
1999
1917
1807
1730
1697
1642
1532
1444
1389
1344
1372
1378
1471
1565
1587
1598
1647
1763
1851
1917
1988
2032
2054
2043
1999
1917
1807
1730
1697
1642
1532
1444
1389
1344
1372
1378
1471
1565
1587
1598
1647
1763
1851
1917
1988
2032
2054
2043
1999
1917
1807
1730
1697
1642
1532
1444
1389
1344
1372
1378
1471
1565
1587
1598
1647
1763
1851
1917
1988
2032
2054
2043
1999
1917
1807
1730
1697
1642
1532
1444
1389
1344
1372
1378
1471
1565
1587
1598
1647
1763
1851
1917
1988
2032
2054
2043
1999
1917
1807
1730
1697
1642
1532
1444
1389
1344
1372
1378
1471
1565
1587
1598
1647
1763
1851
1917
1988
2032
2054
2043
1999
1917
1807
1730
1697
1642
1532
1444
1389
1344
1372
1378
1471
1565
1587
1598
1647
1763
1851
1917
1988
2032
2054
2043
1999
1917
1807
1730
1697
1642
1532
1444
1389
1344
1372
1378
1471
1565
1587
1598
1647
1763
1851
1917
1988
2032
2054
2043
1999
1917
1807
1730
1697
1642
1532
1444
1389
1344
1372
1378
1471
1565
1587
1598
1647
1763
1851
1917
1988
2032
2054
2043
1999
1917
1807
1730
1697
1642
1532
1444
1389
1344
1372
1378
1471
1565
1587
1598
1647
1763
1851
1917
1988
2032
2054
2043
1999
1917
1807
1730
1697
1642
1532
1444
1389
1344
1372
1378
1471
1565
1587
1598
1647
1763
1851
1917
1988
2032
2054
2043
1999
1917
1807
1730
1697
1642
1532
1444
1389
1344
1372
1378
1471
1565
1587
1598
1647
1763
1851
1917
1988
2032
2054
2043
1999
1917
1807
1730
1697
1642
1532
1444
1389
1344
1372
1378
1471
1565
1587
1598
1647
1763
1851
1917
1988
2032
2054
2043
1999
1917
1807
1730
1697
1642
1532
1444
1389
1344
1372
1378
1471
1565
1587
1598
1647
1763
1851
1917
1988
2032
2054
2043
1999
1917
1807
1730
1697
1642
1532
1444
1389
1344
1372
1378
1471
1565
1587
1598
1647
1763
1851
1917
1988
2032
2054
2043
1999
1917
1807
1730
1697
1642
1532
1444
1389
1344
1372
1378
1471
1565
1587
1598
1647
1763
1851
1917
1988
2032
2054
2043
1999
1917
1807
1730
1697
1642
1532
1444
1389
1344
1372
1378
1471
1565
1587
1598
1647
1763
1851
1917
1988
2032
2054
2043
1999
1917
1807
1730
1697
1642
1532
1444
1389
1344
1372
1378
1471
1565
1587
1598
1647
1763
1851
1917
1988
2032
2054
2043
1999
1917
1807
1730
1697
1642
1532
1444
1389
1344
1372
1378
1471
1565
1587
1598
1647
1763
1851
1917
1988
2032
2054
2043
1999
1917
1807
1730
1697
1642
1532
1444
1389
1344
1372
1378
1471
1565
1587
1598
1647
1763
1851
1917
1988
2032
2054
2043
1999
1917
1807
1730
1697
1642
1532
1444
1389
1344
1372
1378
1471
1565
1587
1598
1647
1763
1851
1917
1988
2032
2054
2043
1999
1917
1807
1730
1697
1642
1532
1444
1389
1344
1372
1378
1471
1565
1587
1598
1647
1763
1851
1917
1988
2032
2054
2043
1999
1917
1807
1730
1697
1642
1532
1444
1389
1344
